C          2.4610197907       -0.0511725976        0.2571330985
C          3.2063644178        1.1117144121        0.0653534945
C          4.5817263798        1.0570788848        0.0346655522
C          5.2498699087       -0.1631791478        0.1943999546
C          4.4924210800       -1.3270978377        0.3803849526
C          3.1177913884       -1.2722667029        0.4103460498
C          6.6972718750       -0.2396433827        0.1678574877
S          7.5391724482       -1.6445164076        0.3332517335
S          7.5535332454        1.2710879458       -0.0532833363
C          0.9962903138        0.0074449903        0.3024663878
N          0.4256655307        1.2048992383        0.2662690993
C         -0.9091438101        1.2033651853        0.3444721511
N         -1.6638765369        0.1034366521        0.3998643202
C         -0.9949522138       -1.0466274486        0.3892102686
N          0.3421544915       -1.1405440254        0.3778588881
N         -1.6859231959       -2.2169039794        0.3555999269
C         -3.0285079015       -2.3092065331       -0.0857978828
C         -3.3630482387       -3.3664871760       -0.9385063410
O         -2.4526752605       -4.3346152831       -1.2898626196
C         -1.3872067601       -4.4806045132       -0.4368700944
C         -0.9965131371       -3.4524799772        0.4221486143
N         -1.5416959686        2.4027951607        0.3381416328
C         -0.9085867418        3.5868596233       -0.1132017799
C         -1.6143105661        4.3879442395       -1.0154301891
O         -2.9039846267        4.0887948538       -1.3892771841
C         -3.6081603020        3.3229615231       -0.4917707077
C         -2.9508606170        2.4953603350        0.4195488767
C         -0.7143478939       -5.6934220628       -0.4340917518
C          0.3396937138       -5.8918749539        0.4393268249
C          0.6951078035       -4.8957851916        1.3327203984
C          0.0247513395       -3.6848335819        1.3320286624
C         -4.0136833809       -1.4064347478        0.2810517070
C         -5.2926412352       -1.5156193507       -0.2392769246
C         -5.6072424159       -2.5395223746       -1.1140328591
C         -4.6458781148       -3.4760693150       -1.4520427379
C         -4.9918500224        3.4113749008       -0.4829637320
C         -5.7168972686        2.6982729768        0.4556154739
C         -5.0637161643        1.9347555662        1.4079582102
C         -3.6823143285        1.8392983926        1.3965552820
C          0.3541050756        3.9797606995        0.3019474982
C          0.9345996156        5.1193808698       -0.2299636008
C          0.2533572883        5.8815699971       -1.1628762999
C         -1.0291365422        5.5281834979       -1.5441826068
H          2.6870729373        2.0476623566       -0.0639677729
H          5.1475008609        1.9644177568       -0.1152657618
H          5.0020570262       -2.2709171970        0.5006401180
H          2.5301158682       -2.1659221659        0.5495973735
H          8.7762199532        0.7453017581       -0.0128754410
H         -1.0309175498       -6.4590081610       -1.1237768160
H          0.8700046928       -6.8305203108        0.4309889271
H          1.4978877761       -5.0572897699        2.0344494015
H          0.3006817799       -2.9068906054        2.0244529063
H         -3.7665432832       -0.6026314172        0.9485631307
H         -6.0375917301       -0.7891963879        0.0429688982
H         -6.5997678811       -2.6218810044       -1.5268454827
H         -4.8625235149       -4.2962858684       -2.1173004492
H         -5.4747355665        4.0406997178       -1.2127742662
H         -6.7932197435        2.7606735522        0.4545259654
H         -5.6265869237        1.4098723648        2.1632764154
H         -3.1592958604        1.2576597277        2.1387375927
H          0.8779039794        3.3793052631        1.0254310821
H          1.9234357895        5.4086206777        0.0882327953
H          0.7102449785        6.7621726802       -1.5850452069
H         -1.5923616107        6.1161008343       -2.2507319999
