C          2.4982216781       -0.0407640340        0.0008785147
C          3.1866178762       -1.2537507206        0.0125007239
C          4.5626486290       -1.2684193611        0.0120602511
C          5.2897225762       -0.0708993850       -0.0004793318
C          4.5899869446        1.1421140047       -0.0119527966
C          3.2132936344        1.1565597338       -0.0110301910
C          6.7389166705       -0.1059026825       -0.0012667078
S          7.6172220047       -1.4979529267        0.0241856966
S          7.5559586364        1.4420531079       -0.0313652274
C          1.0315669740       -0.0232788696        0.0006755257
N          0.4346302141        1.1485336232       -0.1641848137
C         -0.9036298622        1.1137543238       -0.1785856086
N         -1.6275157374        0.0100914984       -0.0009866823
C         -0.9317516341       -1.1110818866        0.1779772609
N          0.4052564786       -1.1797464420        0.1651518593
N         -1.6208240429       -2.2661517680        0.3511024305
C         -0.9814035958       -3.5294529648        0.3297221091
C         -1.5951508306       -4.5551790549       -0.3939394682
O         -2.8153702991       -4.3761215524       -0.9998925240
C         -3.5950479202       -3.3786301734       -0.4644732817
C         -3.0324275081       -2.3191280375        0.2515350062
N         -1.5627578557        2.2858685626       -0.3515765281
C         -0.8914546557        3.5326597487       -0.3259597331
C         -1.4805109855        4.5715993324        0.3992561928
O         -2.7063975802        4.4220035611        1.0021516416
C         -3.5098215760        3.4460408696        0.4627974283
C         -2.9727133357        2.3743783487       -0.2547627538
C         -4.9686466197       -3.4609943850       -0.6331771888
C         -5.7876757069       -2.4999805932       -0.0670150503
C         -5.2385528904       -1.4802989327        0.6906386057
C         -3.8667574601       -1.3907172531        0.8549386213
C          0.2033515350       -3.7910400162        1.0015166804
C          0.8045911438       -5.0337136616        0.8910217539
C          0.2205726783       -6.0290063386        0.1269569425
C         -0.9901476245       -5.7980352520       -0.5016408698
C         -4.8812850640        3.5624567028        0.6289653252
C         -5.7230329846        2.6238055725        0.0586653581
C         -5.1982552375        1.5924448882       -0.7004716394
C         -3.8288187930        1.4687047115       -0.8621404818
C          0.3010032632        3.7657327679       -0.9946141904
C          0.9334907697        4.9923606439       -0.8792790676
C          0.3733103635        6.0000818367       -0.1136201861
C         -0.8442881190        5.7983700786        0.5117481035
H          2.6229704831       -2.1732468170        0.0171108333
H          5.0969257295       -2.2062317355        0.0200565380
H          5.1322019516        2.0758084623       -0.0202168710
H          2.6690620748        2.0875830100       -0.0150315866
H          8.7920475747        0.9468949032       -0.0237290887
H         -5.3687848627       -4.2808537972       -1.2074104736
H         -6.8549951616       -2.5616002013       -0.2062405740
H         -5.8734675228       -0.7444043655        1.1567343270
H         -3.4375504163       -0.5903220066        1.4325433156
H          0.6570514755       -3.0132290610        1.5914516286
H          1.7341832718       -5.2193992951        1.4051857398
H          0.6957886317       -6.9920446117        0.0312076622
H         -1.4818440163       -6.5615227368       -1.0824481780
H         -5.2619676231        4.3905711685        1.2045843880
H         -6.7887634904        2.7118726445        0.1959031759
H         -5.8505595630        0.8739403602       -1.1697010124
H         -3.4186290319        0.6590704450       -1.4407509137
H          0.7354274090        2.9781210081       -1.5860083090
H          1.8683549393        5.1558991545       -1.3911942036
H          0.8724892027        6.9504983870       -0.0141265721
H         -1.3178864584        6.5724702004        1.0935521807
