C          0.0069040702        3.9399576340       -0.0178534205
C         -0.7291516488        4.6388111172       -0.9707703104
C         -0.7279855043        6.0186255328       -0.9702463615
C          0.0160592275        6.7157052343       -0.0244583691
C          0.7564848671        6.0220097498        0.9245284860
C          0.7468194993        4.6409998260        0.9294434422
S         -0.0141674390        8.4833875343       -0.0738130876
N          0.0038026970        2.5345882238       -0.0111396391
C          1.1206221010        1.7282836876        0.0098922166
C          0.7189225741        0.3710054791        0.0182777305
C         -0.7156894850        0.3724878640        0.0017635942
C         -1.1146678884        1.7305902580       -0.0206052000
C          1.6700992598       -0.6398740435        0.0197933819
C          3.0068103900       -0.2817341686        0.0051612999
C          3.3967418362        1.0613444890       -0.0234936135
C          2.4644500898        2.0780969633       -0.0257442207
C         -2.4581324181        2.0834034597       -0.0062331814
C         -3.3923947110        1.0683732576        0.0006560471
C         -3.0047445271       -0.2755246124        0.0008243942
C         -1.6688487097       -0.6364697816        0.0082944100
N          4.0088033054       -1.2911993491        0.0030761865
C          4.4057029844       -1.8927418022        1.1916251712
C          5.4212793939       -2.8584784585        1.1698323851
O          6.0514001262       -3.2388361237        0.0025895676
C          5.6448418191       -2.6239149539       -1.1638546651
C          4.6328189745       -1.6545941839       -1.1847443456
N         -4.0081255699       -1.2842987550        0.0054477837
C         -4.4384458158       -1.8408272017        1.2040785431
C         -5.4551814898       -2.8054156165        1.1905084186
O         -6.0542948980       -3.2276856177        0.0212393406
C         -5.6242995982       -2.6466120796       -1.1542230009
C         -4.6102401533       -1.6795518590       -1.1829935395
C          3.8331944779       -1.5595229353        2.4125243147
C          4.2522588975       -2.1756951038        3.5823100491
C          5.2491033387       -3.1291524548        3.5499636149
C          5.8353120750       -3.4687165389        2.3372906278
C          6.2768096718       -3.0046332955       -2.3311113471
C          5.9122450620       -2.4315199099       -3.5428081624
C          4.9117661588       -1.4818564720       -3.5745347283
C          4.2743191070       -1.0957128804       -2.4048792248
C         -6.2347560705       -3.0586261460       -2.3222234520
C         -5.8466408501       -2.5191863177       -3.5421150596
C         -4.8456716150       -1.5703031809       -3.5810448466
C         -4.2299160633       -1.1525287991       -2.4105684616
C         -3.8944064616       -1.4666594829        2.4260835599
C         -4.3445655054       -2.0400759522        3.6059942310
C         -5.3437371230       -2.9913404926        3.5823169674
C         -5.9004106436       -3.3726812663        2.3680786140
H         -1.2903956523        4.0993767045       -1.7176662655
H         -1.2970897320        6.5644142155       -1.7070220591
H          1.3337237291        6.5557779178        1.6640198187
H          1.3053381051        4.1019709892        1.6788256016
H          0.7929126948        8.6695252990        0.9658321123
H          1.3819572942       -1.6795435695        0.0281638658
H          4.4505719437        1.2929613808       -0.0508844977
H          2.7742296790        3.1101240573       -0.0657506317
H         -2.7665846156        3.1165345877        0.0104303302
H         -4.4460467520        1.3024500702        0.0082316465
H         -1.3829395973       -1.6766635021        0.0239985671
H          3.0560915430       -0.8120215653        2.4424280945
H          3.7914317327       -1.9008284677        4.5182671954
H          5.5798162664       -3.6118936550        4.4556050769
H          6.6195334108       -4.2069094198        2.2795208748
H          7.0518109962       -3.7525394973       -2.2740837706
H          6.4121225771       -2.7358789496       -4.4483851971
H          4.6159122351       -1.0328033958       -4.5098250666
H          3.4895306153       -0.3562596109       -2.4347904165
H         -7.0117835289       -3.8039700899       -2.2593644533
H         -6.3296258232       -2.8482531303       -4.4482290238
H         -4.5330767712       -1.1464754515       -4.5226430304
H         -3.4452217130       -0.4131083736       -2.4446982826
H         -3.1151245137       -0.7211088036        2.4486326790
H         -3.9058571097       -1.7336802175        4.5427776278
H         -5.6985234614       -3.4408247240        4.4959200207
H         -6.6847216569       -4.1112547517        2.3168914651
