C          0.0093502227        4.0386693509       -0.0234806141
C         -0.7187517144        4.7402903357       -0.9803036698
C         -0.7141791804        6.1201107960       -0.9778905290
C          0.0248026150        6.8140794917       -0.0258188411
C          0.7562300073        6.1172870050        0.9279262162
C          0.7436490602        4.7362912254        0.9304840313
S         -0.0001752932        8.5817296669       -0.0736195741
N          0.0040076574        2.6329044571       -0.0200151535
C         -1.1154562306        1.8309081783       -0.0297104967
C         -0.7189737405        0.4720995308       -0.0127069531
C          0.7152558537        0.4681881688        0.0012210217
C          1.1189794627        1.8248017689       -0.0009466362
C         -1.6747298575       -0.5351832118        0.0000058359
C         -3.0088578723       -0.1713136507        0.0006476581
C         -3.3944536414        1.1743693485        0.0005649122
C         -2.4583459135        2.1870879513       -0.0094758249
C          2.4637036522        2.1736627690       -0.0288585176
C          3.3943728294        1.1560573471       -0.0260181693
C          3.0016213099       -0.1874631255       -0.0037936147
C          1.6657247975       -0.5442973199        0.0035830703
N         -4.0119586298       -1.1898944751        0.0119052311
C         -4.4963148821       -1.6233706012       -1.2168633667
C         -5.4385111887       -2.6471959066       -1.3493954841
S         -6.0735248003       -3.5505854379        0.0395752736
C         -5.5005739591       -2.5602493775        1.3961786446
C         -4.5475365785       -1.5491991115        1.2434633725
N          3.9989769141       -1.2116924476        0.0010142200
C          4.5152885737       -1.6095005599       -1.2269848871
C          5.4556080404       -2.6346433445       -1.3633134359
S          6.0334102605       -3.5925404230        0.0143015051
C          5.4483004980       -2.6257934441        1.3826348655
C          4.5102493245       -1.6004098367        1.2339681836
C         -4.0346389739       -1.0272531625       -2.3932244077
C         -4.4900061782       -1.4263770960       -3.6366850497
C         -5.4333628445       -2.4303366968       -3.7469493485
C         -5.9039839965       -3.0350497933       -2.5944097709
C         -6.0234013163       -2.8696012015        2.6403728444
C         -5.5994249393       -2.1984792159        3.7740839655
C         -4.6408249510       -1.2112828380        3.6458457599
C         -4.1280192481       -0.8904529323        2.4020674483
C          5.9447789750       -2.9668082205        2.6293187454
C          5.5083519778       -2.3133703041        3.7686340211
C          4.5666582122       -1.3095820728        3.6433815344
C          4.0810650851       -0.9567094215        2.3974113311
C          4.0891998237       -0.9769914399       -2.3976908246
C          4.5821346982       -1.3382030412       -3.6384122277
C          5.5276871516       -2.3398231359       -3.7512133574
C          5.9594177136       -2.9838429266       -2.6047749695
H         -1.2763860730        4.2031062116       -1.7315556947
H         -1.2764528999        6.6683269861       -1.7180681098
H          1.3287623513        6.6486510520        1.6727449112
H          1.2954483718        4.1947633641        1.6830471080
H          0.8045269074        8.7644018729        0.9687432688
H         -1.3914517329       -1.5759878370        0.0124887027
H         -4.4477462748        1.4102786355        0.0139707975
H         -2.7641149307        3.2209629127        0.0081528029
H          2.7746474854        3.2054881646       -0.0635467259
H          4.4489163725        1.3858880825       -0.0454075366
H          1.3768773394       -1.5836181330        0.0066464568
H         -3.3007262148       -0.2399752158       -2.3300757661
H         -4.1019850409       -0.9429984916       -4.5199742008
H         -5.7986824990       -2.7463940794       -4.7109107379
H         -6.6345848589       -3.8284240022       -2.6455157859
H         -6.7610569936       -3.6552678974        2.7068045635
H         -6.0100266329       -2.4528862861        4.7380498036
H         -4.2848854533       -0.6800813222        4.5150434125
H         -3.3814987977       -0.1163608991        2.3259409173
H          6.6711491883       -3.7631234324        2.6929778483
H          5.8972465977       -2.5932697304        4.7345420194
H          4.2034188644       -0.7904613281        4.5168480725
H          3.3482133792       -0.1695529719        2.3223741739
H          3.3533783428       -0.1916175008       -2.3334111781
H          4.2214395006       -0.8268238391       -4.5174957556
H          5.9226417078       -2.6255876895       -4.7129423071
H          6.6877181280       -3.7791240926       -2.6587634424
