C          0.0214510254        4.0669975412       -0.0498150929
C         -0.6944907060        4.7914339260        0.8980185264
C         -0.6852551053        6.1723020905        0.8728751611
C          0.0497864318        6.8419525245       -0.0973558070
C          0.7702208983        6.1210923770       -1.0436319763
C          0.7528329944        4.7415984463       -1.0235529530
S          0.1028550877        8.6079987120       -0.1740333585
N          0.0060960295        2.6616155943       -0.0244975121
C         -1.1200856493        1.8692339827        0.0114710541
C         -0.7340262533        0.5069956607        0.0184424866
C          0.7002285842        0.4912502785       -0.0028279186
C          1.1144897432        1.8442892411       -0.0362841321
C         -1.6962688013       -0.4928189684        0.0237178142
C         -3.0300021675       -0.1193135232        0.0298315489
C         -3.4038457777        1.2274966359        0.0122027766
C         -2.4599484332        2.2339964850       -0.0046705597
C          2.4623004697        2.1819104703       -0.0303816284
C          3.3845510193        1.1565842802       -0.0126647788
C          2.9809829247       -0.1835799336        0.0124396395
C          1.6418641399       -0.5288272472        0.0217609839
N         -4.0621799079       -1.1066936960        0.0282914749
C         -4.3526732699       -1.7584039560        1.2219700049
C         -5.4295249239       -2.6394537964        1.3597122505
S         -6.6045556929       -2.9173848840        0.0588890439
C         -5.7163337597       -2.2874418218       -1.3417602459
C         -4.5968859988       -1.4622924580       -1.2059140878
N          3.9685607388       -1.2166010400        0.0396710935
C          4.5479654177       -1.5203814599        1.2666166516
C          5.4868227939       -2.5424414457        1.4339864152
S          5.9688237986       -3.6253642071        0.1132143433
C          5.3148568906       -2.7697221207       -1.2969808294
C          4.4051191427       -1.7149484764       -1.1826356941
C         -3.5634549476       -1.5379390926        2.3533588125
C         -3.8152486706       -2.1836757263        3.5502736095
C         -4.8616785440       -3.0803358110        3.6561626621
C         -5.6680460178       -3.2996445268        2.5529853534
C         -6.2107669905       -2.6251172303       -2.5901279852
C         -5.6181138229       -2.1360213679       -3.7411484649
C         -4.5132513636       -1.3133686843       -3.6266165171
C         -4.0069480988       -0.9898981943       -2.3809723651
C          5.7305449009       -3.2256628597       -2.5364784711
C          5.2406404464       -2.6593004336       -3.7003609564
C          4.3316602166       -1.6223525094       -3.6073183449
C          3.9270028120       -1.1550897536       -2.3701154721
C          4.1892348133       -0.7941884633        2.4051331407
C          4.7521086276       -1.0566001244        3.6409313293
C          5.7009822787       -2.0515781230        3.7808406761
C          6.0608695862       -2.7927559584        2.6688380993
H         -1.2490602582        4.2711019475        1.6633801918
H         -1.2437261939        6.7246931231        1.6130646926
H          1.3352458448        6.6482149910       -1.7969324333
H          1.2957807007        4.1836054669       -1.7704023813
H         -0.6905612397        8.8206922847        0.8712427688
H         -1.4187369472       -1.5357371997        0.0193772822
H         -4.4551151614        1.4709922590        0.0008944847
H         -2.7590708348        3.2691900473       -0.0405868175
H          2.7826127554        3.2115173678       -0.0286386700
H          4.4409920935        1.3785314077       -0.0094976180
H          1.3443747763       -1.5653691487        0.0506734363
H         -2.7426079130       -0.8415395932        2.2961520051
H         -3.1824862094       -1.9813229094        4.4006548101
H         -5.0605969995       -3.5954763018        4.5822618824
H         -6.5079620692       -3.9758521144        2.6078031370
H         -7.0777831279       -3.2662363391       -2.6440957102
H         -6.0192311518       -2.3957030361       -4.7077247765
H         -4.0330609068       -0.9190810771       -4.5088571978
H         -3.1388066003       -0.3538777111       -2.3149894341
H          6.4367633885       -4.0415533402       -2.5736124275
H          5.5653591466       -3.0293206999       -4.6596366096
H          3.9314789238       -1.1660908481       -4.4995458307
H          3.2209019443       -0.3418005205       -2.3203332354
H          3.4504954742       -0.0136150993        2.3205759230
H          4.4431143919       -0.4733616420        4.4945935081
H          6.1514920025       -2.2595632112        4.7380900588
H          6.7861592206       -3.5888123661        2.7465054574
