C         -0.0479622776        4.0571217656       -0.4664018600
C          0.7946337479        4.8431687862        0.3145978296
C          0.7839259145        6.2182640663        0.1879385171
C         -0.0797815316        6.8233567387       -0.7160761834
C         -0.9265702471        6.0433354734       -1.4956611564
C         -0.9073337893        4.6690630179       -1.3760324817
S         -0.1416163373        8.5804195904       -0.9143671577
N         -0.0312419365        2.6607127676       -0.3384751625
C         -1.1304309292        1.8529644495       -0.1612423345
C         -0.7125195103        0.5018809238       -0.0752803954
C          0.7154850805        0.5074547104       -0.2179321907
C          1.0953654528        1.8569255138       -0.3733893418
C         -1.6462094482       -0.5077521095        0.1111193854
C         -2.9796584286       -0.1569341730        0.2202568568
C         -3.3837306311        1.1816587241        0.1645901563
C         -2.4694412114        2.1975224000       -0.0213644602
C          2.4299526236        2.1854399159       -0.5533696047
C          3.3596437267        1.1674864992       -0.5808391169
C          2.9979825128       -0.1856488739       -0.4499830730
C          1.6599011582       -0.5075828383       -0.2398762902
N         -3.9601978858       -1.1830885177        0.3971810956
C         -4.3485952879       -1.4838582521        1.6971840143
C         -5.2563241652       -2.5008707405        2.0067188768
S         -5.9481972261       -3.5710834867        0.7719678272
C         -5.5293223158       -2.7013113129       -0.7170516715
C         -4.5936251868       -1.6631497833       -0.7431173386
N          3.9787843754       -1.1747198208       -0.4611952543
C          3.6980817234       -2.5297648247       -0.1979016663
C          4.4063292692       -3.2001378430        0.7981876885
S          5.6678388351       -2.3267710212        1.6944751329
C          6.2638758339       -1.3667061031        0.3222886697
C          5.3494433487       -0.8925558961       -0.6166357553
C         -3.8196304725       -0.7563258679        2.7663903044
C         -4.1842362239       -1.0197705104        4.0741814191
C         -5.1004309702       -2.0147324591        4.3586662675
C         -5.6327056824       -2.7518070979        3.3151547967
C         -6.1526535126       -3.1337091443       -1.8752074430
C         -5.8481360834       -2.5629715024       -3.0987560435
C         -4.9091202465       -1.5500037112       -3.1476415501
C         -4.2974868140       -1.1054414385       -1.9896639026
C          7.6191403934       -1.1129858878        0.1886831156
C          8.0762180384       -0.3854197279       -0.8951346196
C          7.1820795149        0.0535249367       -1.8590997940
C          5.8307201224       -0.2094603909       -1.7305086477
C          2.7779724817       -3.2469711985       -0.9577762161
C          2.5169419735       -4.5743667159       -0.6704264315
C          3.1919015357       -5.2150045311        0.3566373497
C          4.1540578272       -4.5329396471        1.0790613538
H          1.4491193504        4.3743173559        1.0328929820
H          1.4414052111        6.8171461630        0.7997543417
H         -1.5914104940        6.5199577146       -2.1997443202
H         -1.5493980048        4.0643204494       -1.9974405703
H          0.7873529159        8.8600749154       -0.0055524822
H         -1.3464091263       -1.5425023987        0.1732701845
H         -4.4334525982        1.4106364598        0.2720406577
H         -2.7893215662        3.2272552110       -0.0469655944
H          2.7475707348        3.2091254705       -0.6744235335
H          4.4001722884        1.4293597799       -0.6839423064
H          1.3453889919       -1.5245860616       -0.0743719244
H         -3.1048930625        0.0259018186        2.5664884188
H         -3.7466908645       -0.4370044568        4.8700783854
H         -5.3958740644       -2.2241757572        5.3742547088
H         -6.3410275626       -3.5446790919        3.5034022900
H         -6.8722342585       -3.9354117296       -1.8030193719
H         -6.3351313019       -2.9130000135       -3.9947951060
H         -4.6464994778       -1.0944585478       -4.0899996055
H         -3.5694433850       -0.3124941892       -2.0500960081
H          8.3005488749       -1.4820255588        0.9393940007
H          9.1296756945       -0.1765036797       -0.9938175091
H          7.5386852659        0.5973321084       -2.7199750207
H          5.1338366294        0.1152684038       -2.4880391651
H          2.2707049566       -2.7540983488       -1.7729689659
H          1.7881276162       -5.1122262795       -1.2568222015
H          2.9840267681       -6.2487004258        0.5837264564
H          4.7093453415       -5.0199801574        1.8656169914
