C          0.0056727809        4.0823635406       -0.2331816504
C         -0.6948835877        4.8383526687        0.7014363742
C         -0.6979424202        6.2171528004        0.6216602479
C          0.0093846006        6.8533294211       -0.3907623054
C          0.7142651667        6.1010004418       -1.3241655806
C          0.7090991107        4.7232850884       -1.2493291218
S          0.0460131601        8.6153445973       -0.5379232800
N          0.0032818961        2.6791316497       -0.1514589855
C         -1.1147219974        1.8801843165       -0.0557379957
C         -0.7170286711        0.5224222657       -0.0009206344
C          0.7166867690        0.5170494206       -0.0552412403
C          1.1186552897        1.8709258874       -0.1560278562
C         -1.6699638333       -0.4839137807        0.0664855399
C         -3.0065750439       -0.1209614933        0.0867469393
C         -3.3922503019        1.2210406888        0.0228063690
C         -2.4577585464        2.2333813877       -0.0563907897
C          2.4627621300        2.2177468762       -0.1959039693
C          3.3940418409        1.2000385457       -0.1591852388
C          3.0041494054       -0.1392693350       -0.0691927551
C          1.6664618762       -0.4933764101       -0.0073467011
N         -4.0300995517       -1.1154042706        0.1466378630
C         -4.2885632447       -1.7235881700        1.3702447855
C         -5.3571852165       -2.6036539942        1.5662078597
S         -6.5619974704       -2.9339355352        0.3054437083
C         -5.7105342909       -2.3531247733       -1.1385995366
C         -4.5921827468       -1.5190885776       -1.0603380382
N          4.0244289707       -1.1374086062       -0.0156377669
C          4.2820633990       -1.8797037645       -1.1629724582
C          5.3481286929       -2.7793409891       -1.2580504537
S          6.5509953945       -2.9704146555        0.0329095235
C          5.7026893837       -2.2252418154        1.4014216445
C          4.5867533654       -1.4021961283        1.2290721391
C         -3.4737416073       -1.4580088458        2.4734333054
C         -3.6933252266       -2.0603640585        3.6989654323
C         -4.7320652445       -2.9572311809        3.8628880884
C         -5.5635097294       -3.2205214891        2.7883130807
C         -6.2328421689       -2.7390378851       -2.3613790580
C         -5.6698914009       -2.2910634268       -3.5436273953
C         -4.5662739072       -1.4607937955       -3.4862279519
C         -4.0321518210       -1.0890977647       -2.2659223925
C          6.2250895560       -2.4703628716        2.6599801306
C          5.6645776179       -1.8885761657        3.7836559970
C          4.5632840602       -1.0670606263        3.6324541826
C          4.0291146266       -0.8356274371        2.3779867659
C          3.4685384603       -1.7373508935       -2.2896636102
C          3.6869599991       -2.4739949920       -3.4397173866
C          4.7232469335       -3.3864252260       -3.5011830513
C          5.5533508739       -3.5298609677       -2.4031455564
H         -1.2274978463        4.3446394699        1.4993486575
H         -1.2440972250        6.7942287510        1.3521480705
H          1.2577204595        6.6021058638       -2.1103788069
H          1.2399891113        4.1401991632       -1.9856090884
H         -0.7249213438        8.8631252373        0.5164280690
H         -1.3836371236       -1.5240233163        0.0980546145
H         -4.4455899643        1.4557424000        0.0248368035
H         -2.7666229142        3.2638341579       -0.1281203474
H          2.7748753226        3.2486985829       -0.2435381165
H          4.4480869323        1.4297793821       -0.1886876347
H          1.3770103503       -1.5294309435        0.0799028427
H         -2.6585578911       -0.7601448056        2.3710015656
H         -3.0416022259       -1.8239400143        4.5259125581
H         -4.9060197582       -3.4387990271        4.8117969979
H         -6.3984103149       -3.8977748449        2.8882686665
H         -7.0979898983       -3.3848656421       -2.3707539550
H         -6.0927261972       -2.5880060684       -4.4900076502
H         -4.1089481901       -1.0980190441       -4.3937785302
H         -3.1656419916       -0.4478088876       -2.2443590239
H          7.0883719782       -3.1134715290        2.7424728518
H          6.0875325997       -2.0766875106        4.7574685513
H          4.1078672916       -0.6016545841        4.4928979684
H          3.1645162371       -0.1983690335        2.2836310814
H          2.6554082502       -1.0299882574       -2.2669204723
H          3.0363265836       -2.3299180314       -4.2884874172
H          4.8963601600       -3.9717630680       -4.3900023920
H          6.3863537893       -4.2163891950       -2.4258272730
