C          3.2911578870        0.3169934731       -0.0243431917
C          4.0701108162       -0.3541727149        0.9194961077
C          5.4399420456       -0.2087461707        0.9229341296
C          6.0736363567        0.5998662897       -0.0267741125
C          5.2872518917        1.2497584436       -0.9849875129
C          3.9173866269        1.1209311051       -0.9789446131
C          7.5154151711        0.7489595431       -0.0803799774
S          8.3307512227        0.9743463382       -1.4929867432
S          8.4514332956        0.6776323503        1.3970031800
N          1.9040613414        0.1813002125       -0.0172070775
C          0.9886875335        1.2145316519       -0.1139521012
C         -0.3207764059        0.6848362757       -0.0645751550
C         -0.1819928900       -0.7399483206        0.0563136731
C          1.2053230134       -1.0086434152        0.0870264837
C         -1.4227680259        1.5250564422       -0.1065090420
C         -1.2076901291        2.8921878175       -0.2046628787
C          0.0929436920        3.4097420699       -0.2343830007
C          1.1981855332        2.5852237743       -0.1761955446
C          1.6743380657       -2.3138996909        0.1416387035
C          0.7486061907       -3.3350485160        0.2130380236
C         -0.6273486847       -3.0763421084        0.2041378568
C         -1.1017587029       -1.7758022847        0.1118792224
N         -2.3021061407        3.7705401308       -0.2683631972
C         -2.4959113667        4.8820410080        0.5253151042
C         -3.7041554300        5.5172749067        0.1545573803
C         -4.2580865580        4.7428827655       -0.9200906199
C         -3.3619744943        3.6721079304       -1.1460409190
N         -1.5323681080       -4.1477683908        0.2830046891
C         -2.5785099829       -4.2514638873        1.1764684508
C         -3.2582315571       -5.4731229580        0.9619667863
C         -2.5835657323       -6.1292223236       -0.1223686860
C         -1.5236317554       -5.2764234987       -0.5100119625
C         -4.1231932980        6.6590674644        0.8253380881
C         -3.3434265179        7.1449869362        1.8557619095
C         -2.1664553688        6.4989417325        2.2295190826
C         -1.7285475834        5.3623740307        1.5776087919
C         -3.5905015666        2.7483091226       -2.1564682948
C         -4.7355009581        2.8927365873       -2.9159015708
C         -5.6343699284        3.9330169199       -2.6874226273
C         -5.4025911725        4.8667451506       -1.6972885575
C         -4.3465090040       -5.8113136970        1.7560765161
C         -4.7362626813       -4.9376572097        2.7514491089
C         -4.0478826401       -3.7454289044        2.9684284217
C         -2.9628066083       -3.3869412926        2.1920979331
C         -0.6948486719       -5.6034808810       -1.5744619775
C         -0.9187060491       -6.8032427798       -2.2218031912
C         -1.9458843412       -7.6606024554       -1.8317310699
C         -2.7882161418       -7.3304597553       -0.7889292172
H          3.5934119946       -0.9717917546        1.6639632011
H          6.0242650868       -0.7593197958        1.6446573253
H          5.7739267121        1.8613458924       -1.7291124410
H          3.3261896151        1.6193020087       -1.7306854707
H          7.4342019450        0.7162253164        2.2610607623
H         -2.4249158149        1.1304204874       -0.0480735777
H          0.2252906295        4.4777198856       -0.3123805464
H          2.1910883962        3.0054838862       -0.1759921639
H          2.7290406411       -2.5366194033        0.1222086760
H          1.0843132461       -4.3579411376        0.2846687239
H         -2.1616594603       -1.5805778641        0.0677427101
H         -5.0429508142        7.1506476593        0.5456953159
H         -3.6504366207        8.0327918227        2.3883973330
H         -1.5858104367        6.8944504059        3.0497646366
H         -0.8244933564        4.8599343574        1.8858224951
H         -2.8930139369        1.9480565341       -2.3517146284
H         -4.9377404684        2.1853388302       -3.7065645306
H         -6.5194872536        4.0101708470       -3.3012756429
H         -6.0920378423        5.6805169445       -1.5292880019
H         -4.8714843561       -6.7412484681        1.5966935428
H         -5.5813364671       -5.1808637518        3.3782545806
H         -4.3687989402       -3.0885848412        3.7633998868
H         -2.4272112531       -2.4685187080        2.3780165179
H          0.0925562037       -4.9388998351       -1.8957138279
H         -0.2857755216       -7.0820680704       -3.0513327320
H         -2.0866518534       -8.5910637595       -2.3614459330
H         -3.5936895187       -7.9874255785       -0.4966869020
