C          3.2906404121        0.3179130111       -0.0222015905
C          3.9128131417        1.1410812566       -0.9628838612
C          5.2819452756        1.2875483685       -0.9646111831
C          6.0741463786        0.6021810969       -0.0362408366
C          5.4443266361       -0.2396970540        0.8881675891
C          4.0753626091       -0.3720770760        0.9047239758
C          7.5199722793        0.6981927799       -0.0287887119
S          8.4879016171       -0.5532492970        0.4292953506
S          8.2945489104        2.1848338838       -0.5332674670
N          1.9049360744        0.1815247783       -0.0142677084
C          0.9884764032        1.2153068702       -0.1008585614
C         -0.3204734687        0.6843911478       -0.0551351825
C         -0.1806548698       -0.7413105564        0.0558917520
C          1.2067898263       -1.0096093478        0.0833028008
C         -1.4231506851        1.5238144273       -0.0916478586
C         -1.2092354979        2.8919684143       -0.1800255309
C          0.0908638987        3.4108144192       -0.2037615412
C          1.1967643030        2.5866115261       -0.1512983566
C          1.6764954470       -2.3149515039        0.1272680796
C          0.7511473586       -3.3369773818        0.1935501416
C         -0.6248322805       -3.0787539163        0.1892630088
C         -1.0998994973       -1.7777031869        0.1059514356
N         -2.3043416422        3.7695247705       -0.2400177066
C         -2.5016796506        4.8753179856        0.5608166429
C         -3.7100388043        5.5111866186        0.1915481854
C         -4.2603596825        4.7432439717       -0.8896018898
C         -3.3622732264        3.6752483163       -1.1205743057
N         -1.5297658587       -4.1504286870        0.2642869425
C         -2.5724210421       -4.2590813187        1.1613351031
C         -3.2524414318       -5.4799251734        0.9433642557
C         -2.5813195519       -6.1305772298       -0.1464512350
C         -1.5229084434       -5.2756819206       -0.5336090760
C         -4.1323265659        6.6478666619        0.8689203072
C         -3.3555620204        7.1281609871        1.9042556682
C         -2.1784628744        6.4814183485        2.2763722958
C         -1.7373476399        5.3498399861        1.6179323155
C         -3.5868033983        2.7581675769       -2.1379742864
C         -4.7299861761        2.9063133975       -2.8994334873
C         -5.6308771248        3.9437612242       -2.6661162087
C         -5.4030297411        4.8708994268       -1.6688837167
C         -4.3375244530       -5.8225206086        1.7399493216
C         -4.7237408404       -4.9540445617        2.7412174569
C         -4.0349261526       -3.7627034368        2.9615860356
C         -2.9530788709       -3.3998352505        2.1827777856
C         -0.6974054633       -5.5976921895       -1.6021146038
C         -0.9229542422       -6.7946150070       -2.2541298351
C         -1.9487353668       -7.6539657070       -1.8647953857
C         -2.7878197133       -7.3288093331       -0.8178234010
H          3.3175365582        1.6393345189       -1.7114586619
H          5.7444346907        1.8903260954       -1.7315761320
H          6.0518845411       -0.7653855036        1.6087759158
H          3.6029535543       -0.9907551144        1.6509723683
H          7.2025801183        2.9512119519       -0.5863054111
H         -2.4249035818        1.1277667355       -0.0363682965
H          0.2221195132        4.4795086246       -0.2722580359
H          2.1890095526        3.0077748025       -0.1440901514
H          2.7313407198       -2.5373592525        0.1054615356
H          1.0878134202       -4.3600678599        0.2580316452
H         -2.1599900120       -1.5828432870        0.0650410364
H         -5.0522887684        7.1398285730        0.5906075810
H         -3.6651642202        8.0119172260        2.4421165208
H         -1.6003656825        6.8722817236        3.1006414680
H         -0.8335451524        4.8464961132        1.9253883754
H         -2.8879360684        1.9600037295       -2.3366989628
H         -4.9292388745        2.2041379905       -3.6954877045
H         -6.5145408114        4.0239325485       -3.2816845392
H         -6.0941339761        5.6824572066       -1.4970019417
H         -4.8625845954       -6.7519665492        1.5780893904
H         -5.5660973180       -5.2008433705        3.3702559043
H         -4.3527215800       -3.1101228520        3.7613045702
H         -2.4167849446       -2.4823925482        2.3715859235
H          0.0892085172       -4.9316991753       -1.9223668853
H         -0.2923683398       -7.0696532578       -3.0866894911
H         -2.0908446424       -8.5821145122       -2.3981749788
H         -3.5920518930       -7.9873799403       -0.5258053007
