C          3.2658462755        0.3157437093        0.3252117960
C          3.8040273974        1.2311915933        1.2319353882
C          5.1679274779        1.3611324914        1.3574589389
C          6.0377806548        0.5664167431        0.6019588661
C          5.4914505908       -0.3459158215       -0.3077168402
C          4.1265965169       -0.4628807088       -0.4501752010
C          7.4681387939        0.7478415795        0.7542080396
S          8.1390281695        2.2019084903        1.1374839632
S          8.5451511713       -0.6108127369        0.5146649260
N          1.8848327533        0.1859566439        0.1889532909
C          0.9797158052        1.2269581998        0.0737404065
C         -0.3257710066        0.6991277675       -0.0462908986
C         -0.1959353682       -0.7305780861        0.0058802923
C          1.1841173015       -1.0053217608        0.1467406826
C         -1.4147453038        1.5420321628       -0.2071582241
C         -1.1904365805        2.9106916044       -0.2435654090
C          0.1086518416        3.4240596761       -0.1472616916
C          1.2023815394        2.5949350131       -0.0014133751
C          1.6423023408       -2.3088106711        0.2829597197
C          0.7144880978       -3.3299099605        0.2309291977
C         -0.6471693815       -3.0656720363        0.0596480691
C         -1.1166934763       -1.7669837311       -0.0425504944
N         -2.2736663963        3.7935563813       -0.3848548676
C         -3.4107338979        3.8010814821        0.3965231051
C         -4.2681148195        4.8400848561       -0.0344080913
C         -3.6080910255        5.4816550535       -1.1363813168
C         -2.3792154651        4.8048932611       -1.3170241687
N         -1.5563955852       -4.1489758005        0.0008764900
C         -2.2090262312       -4.7112400108        1.0715251164
C         -3.0136582798       -5.7843664436        0.6197422813
C         -2.8248147989       -5.8604107779       -0.8016182602
C         -1.9146973976       -4.8301538211       -1.1376768942
C         -5.4768572107        5.0571439905        0.6145506505
C         -5.8099132852        4.2468627296        1.6815576522
C         -4.9495543601        3.2382740713        2.1114894073
C         -3.7423756676        3.0026733835        1.4823368338
C         -1.5120989755        5.1567449725       -2.3422207082
C         -1.8737130525        6.2096460967       -3.1602750364
C         -3.0717226070        6.8973051117       -2.9753339684
C         -3.9490058454        6.5375272283       -1.9718988743
C         -3.7696853038       -6.5084733412        1.5330443585
C         -3.7126138594       -6.1557972787        2.8668691668
C         -2.9161362231       -5.0960240443        3.2990413327
C         -2.1547925464       -4.3597054371        2.4125845979
C         -1.5095060247       -4.6185779233       -2.4476414665
C         -2.0256311299       -5.4522687382       -3.4202893844
C         -2.9223457268       -6.4716183295       -3.1023133174
C         -3.3286364987       -6.6848412423       -1.7999272764
H          3.1473295564        1.8204390613        1.8518640280
H          5.5864248380        2.0626406571        2.0627293541
H          6.1380546013       -0.9235660822       -0.9508531206
H          3.7184429142       -1.1377401997       -1.1856331062
H          7.6185092604       -1.5702390677        0.4551105126
H         -2.4120122660        1.1466137364       -0.3183930174
H          0.2484856216        4.4934023492       -0.1810715361
H          2.1966331213        3.0094152189        0.0458211938
H          2.6861609594       -2.5268757743        0.4398851610
H          1.0336686885       -4.3563493540        0.3272905105
H         -2.1723684177       -1.5739700805       -0.1529534350
H         -6.1374123671        5.8471143945        0.2899552821
H         -6.7460287923        4.3979356451        2.1983230188
H         -5.2322748477        2.6292185065        2.9573792091
H         -3.0762900717        2.2288280930        1.8322778336
H         -0.5898563115        4.6200199536       -2.5042253999
H         -1.2150864810        6.5049300868       -3.9636551319
H         -3.3171046844        7.7168157188       -3.6343735361
H         -4.8841360631        7.0604345138       -1.8382114629
H         -4.3878472004       -7.3300323955        1.2027665172
H         -4.2930585183       -6.7075612159        3.5915379371
H         -2.8952486712       -4.8474196089        4.3499382541
H         -1.5374183564       -3.5389888853        2.7463280159
H         -0.8162848509       -3.8278552902       -2.6928877397
H         -1.7301445646       -5.3129820226       -4.4497859989
H         -3.3035402964       -7.1024351500       -3.8917737250
H         -4.0238602304       -7.4750919017       -1.5584286819
