-0.766424 0.394819 0.145329 0.459850 0.000000
-0.689782 0.380192 0.145125 0.474681 0.000000
-0.613139 0.292751 0.241329 0.465920 0.000000
-0.536497 0.302121 0.209931 0.487948 0.000000
-0.459855 0.283131 0.233995 0.482874 0.000000
-0.306570 0.263170 0.271347 0.465484 0.000000
-0.229927 0.224031 0.289811 0.486159 0.000000
-0.153285 0.201502 0.307635 0.490866 0.000000
-0.076642 0.165109 0.353224 0.481662 0.000000
-0.038321 -0.190510 0.794284 0.396226 0.000000
-0.019161 -0.189135 0.788853 0.400285 0.000000
-0.009580 -0.200608 0.783466 0.417142 0.000000
-0.004791 -0.208216 0.798025 0.410192 0.000000
0.000000 -0.227758 0.818743 0.409017 0.000000
0.004791 -0.236448 0.824049 0.412394 0.000000
0.009580 -0.241551 0.834063 0.407484 0.000000
0.019161 -0.235650 0.835911 0.399739 0.000000
0.038321 -0.243848 0.848431 0.395417 0.000000
0.076642 -0.272897 0.894206 0.378693 0.000000
0.153285 -0.342947 1.007227 0.335719 0.000000
0.229927 -0.370152 1.055240 0.314913 0.000000
0.306570 -0.320966 1.009062 0.311903 0.000000
0.383212 -0.349725 1.034903 0.314822 0.000000
0.459855 -0.339883 1.063671 0.276212 0.000000
0.536497 -0.352817 1.099601 0.253215 0.000000
0.613139 -0.336488 1.092956 0.243534 0.000000
0.689782 -0.332689 1.071967 0.260723 0.000000
0.766424 -0.338719 1.057710 0.281010 0.000000

