C         -0.0232517202        4.0140930991        0.3668598186
C         -0.7866676132        4.7985226907       -0.4943975750
C         -0.8015747779        6.1706750003       -0.3514995782
C         -0.0458298495        6.7812079128        0.6502467282
C          0.7214923944        5.9925414620        1.5084300589
C          0.7289782205        4.6197635641        1.3704004217
C         -0.0577387839        8.1892873376        0.7948424919
C         -0.0694283039        9.3836811974        0.9184359166
N         -0.0132647869        2.6175362218        0.2236387040
C          1.1096869432        1.8205911485        0.1534040551
C          0.7170105896        0.4686940529        0.0118646637
C         -0.7178254873        0.4607754786        0.0047437304
C         -1.1264895677        1.8086705878        0.1365434682
C          1.6711970536       -0.5317172820       -0.1004502074
C          3.0103278971       -0.1746984812       -0.0608268174
C          3.3901257430        1.1677532456        0.0635994925
C          2.4523695463        2.1749198145        0.1587681861
C         -2.4728300874        2.1401045378        0.2149697129
C         -3.3979084246        1.1201020215        0.1364889635
C         -3.0028960183       -0.2139808270       -0.0260363837
C         -1.6601305280       -0.5527984571       -0.0909823413
N          4.0022122628       -1.1679353805       -0.1460659105
C          5.0679635617       -1.1762501866       -1.0204948352
C          5.8503234335       -2.3332830837       -0.7949433972
C          5.2154193013       -3.0513877036        0.2736715128
C          4.0763749948       -2.2973200956        0.6414711092
N         -3.9844389875       -1.2179539763       -0.1049463342
C         -5.0678606585       -1.2227197046       -0.9573640500
C         -5.8319983530       -2.3929574894       -0.7380638382
C         -5.1674743178       -3.1226750747        0.3043385286
C         -4.0302964236       -2.3616641219        0.6638207021
C          6.9796728534       -2.5696839671       -1.5682946084
C          7.3082055452       -1.6617588691       -2.5549364335
C          6.5188972570       -0.5361540897       -2.7846113660
C          5.3915242683       -0.2787839099       -2.0289882971
C          3.2537021057       -2.7047763356        1.6827167999
C          3.5679026155       -3.8838871671        2.3300845577
C          4.6770999283       -4.6433707324        1.9618845337
C          5.5104040370       -4.2337772537        0.9403448236
C         -6.9741829660       -2.6280626022       -1.4927414981
C         -7.3335745653       -1.7053489625       -2.4546067283
C         -6.5626977004       -0.5658066124       -2.6780874695
C         -5.4230001742       -0.3096207426       -1.9408315464
C         -3.1840859098       -2.7771691479        1.6828173738
C         -3.4723102541       -3.9711860658        2.3147768701
C         -4.5788400438       -4.7377530840        1.9533494295
C         -5.4359617942       -4.3201675224        0.9550446108
H         -1.3542008604        4.3272881575       -1.2823128674
H         -1.3912643106        6.7810608950       -1.0186991229
H          1.3022496070        6.4643788137        2.2865993944
H          1.3049691875        4.0080183105        2.0478619459
H         -0.0786216181       10.4271741021        1.0255970583
H          1.3821191992       -1.5633766871       -0.2276117362
H          4.4415716516        1.4089842508        0.0932148933
H          2.7606381023        3.2056726004        0.2347819641
H         -2.7922639204        3.1606699342        0.3553472782
H         -4.4508661112        1.3429766336        0.2159387074
H         -1.3587170941       -1.5810138278       -0.2169341456
H          7.5829058393       -3.4492582133       -1.3999849907
H          8.1834537124       -1.8261905013       -3.1657277573
H          6.7935959451        0.1481887535       -3.5737036919
H          4.7772520617        0.5868780297       -2.2247727100
H          2.4009495620       -2.1156958802        1.9843953973
H          2.9417814132       -4.2242182433        3.1416687662
H          4.8876126307       -5.5608979854        2.4910673126
H          6.3769211025       -4.8155751332        0.6637656615
H         -7.5636357034       -3.5178257870       -1.3292340799
H         -8.2192782963       -1.8685901625       -3.0504642017
H         -6.8621364957        0.1304928655       -3.4474631231
H         -4.8235013930        0.5675195346       -2.1310417577
H         -2.3336420269       -2.1827373630        1.9803923052
H         -2.8275084457       -4.3177738807        3.1088984553
H         -4.7685772388       -5.6669521795        2.4698706842
H         -6.3008616732       -4.9071670291        0.6844552391
