C         -0.0048858410        3.9738652768        0.6615041047
C          0.7996216863        4.5167613933        1.6604489133
C          0.8017528822        5.8781976672        1.8842363247
C         -0.0077450011        6.7177563292        1.1179498038
C         -0.8158336183        6.1698178027        0.1208962366
C         -0.8108956986        4.8092603828       -0.1081136672
C         -0.0092154850        8.1141314626        1.3501124746
C         -0.0106390765        9.2986796997        1.5471415876
N         -0.0032188312        2.5889379093        0.4310330892
C          1.1146891469        1.8033381115        0.2467046616
C          0.7162573147        0.4614962559        0.0404517661
C         -0.7169533437        0.4477437655        0.1115076077
C         -1.1189869923        1.7830716755        0.3504832870
C          1.6638311766       -0.5236748914       -0.1956888449
C          3.0020640512       -0.1616763522       -0.2153051272
C          3.3865623500        1.1713981268       -0.0230703546
C          2.4546572249        2.1643037391        0.1966367721
C         -2.4599191021        2.1049031244        0.5137128559
C         -3.3890975377        1.0919046899        0.3995526574
C         -3.0010124551       -0.2306765941        0.1503919409
C         -1.6618144157       -0.5633363381        0.0155554260
N          3.9893742577       -1.1392253296       -0.4333024844
C          4.9929121510       -1.0793248461       -1.3766038870
C          5.7941041651       -2.2416520077       -1.2831675482
C          5.2372046864       -3.0350932000       -0.2243502216
C          4.1223885736       -2.3177949437        0.2697119591
N         -3.9857781688       -1.2286239992        0.0397725897
C         -4.1162436781       -2.1166068850       -1.0068677147
C         -5.2299972586       -2.9569256938       -0.7726352636
C         -5.7890340455       -2.5494546367        0.4852237772
C         -4.9900473277       -1.4786017803        0.9505386954
C          6.8686890246       -2.4155383556       -2.1459796831
C          7.1245039980       -1.4407896694       -3.0894779032
C          6.3164266343       -0.3094218747       -3.1883589419
C          5.2425508711       -0.1133542591       -2.3418845829
C          3.3743183368       -2.8011759591        1.3344360637
C          3.7379075514       -4.0175911355        1.8788209001
C          4.8231939052       -4.7404002964        1.3864246923
C          5.5827231026       -4.2563015040        0.3402297776
C         -5.5729900020       -3.9304019676       -1.7022449093
C         -4.8120963191       -4.0488160837       -2.8480079556
C         -3.7279215601       -3.2038487402       -3.0789573723
C         -3.3667918698       -2.2284001319       -2.1699362016
C         -5.2421172625       -0.8771576033        2.1760658618
C         -6.3163698948       -1.3379154917        2.9121684680
C         -7.1224077468       -2.3775992763        2.4516070232
C         -6.8640207615       -2.9945496867        1.2439763768
H          1.4092979354        3.8646402157        2.2671137675
H          1.4231784595        6.3013855020        2.6589646038
H         -1.4383349960        6.8197886742       -0.4753342025
H         -1.4194798273        4.3874244367       -0.8934046072
H         -0.0117894220       10.3335206636        1.7190228324
H          1.3697113360       -1.5464251793       -0.3733782856
H          4.4374602432        1.4161150799       -0.0418692138
H          2.7649059458        3.1894680729        0.3233014273
H         -2.7729707921        3.1150733541        0.7253955929
H         -4.4406548374        1.3146446114        0.4956866692
H         -1.3648577349       -1.5877696173       -0.1470857076
H          7.4860862574       -3.2988082446       -2.0787711998
H          7.9563892163       -1.5561352966       -3.7683186262
H          6.5333170599        0.4286681922       -3.9464119311
H          4.6126591616        0.7581047221       -2.4360697893
H          2.5408260548       -2.2417580526        1.7314494811
H          3.1702248676       -4.4168480137        2.7063923911
H          5.0739124999       -5.6888831572        1.8377919208
H          6.4310696090       -4.8103937096       -0.0327735738
H         -6.4204883832       -4.5767117806       -1.5294047028
H         -5.0608475416       -4.8006844470       -3.5821965993
H         -3.1591453265       -3.3129875003       -3.9906174205
H         -2.5341308289       -1.5693345086       -2.3637894147
H         -4.6138334804       -0.0821309202        2.5479115487
H         -6.5351810930       -0.8849449933        3.8678863499
H         -7.9547172865       -2.7073674110        3.0554911707
H         -7.4797766090       -3.8095090591        0.8939092077
