C          3.3042863608        0.5302231060       -0.4967160446
C          3.9741350421       -0.2238701820       -1.4659108122
C          5.3055087776       -0.0010187111       -1.7229634431
C          6.0202452391        0.9814570627       -1.0231121408
C          5.3397674821        1.7324333684       -0.0528783177
C          4.0089286736        1.5137847738        0.2055805281
C          7.4154356944        1.2289386604       -1.2816215039
S          8.2809727988        2.4451150547       -0.5778357066
S          8.2059851410        0.1466309236       -2.4184153657
N          1.9584919923        0.3125917424       -0.2396316547
C          0.9966141217        1.2993153674       -0.0630080122
C         -0.2567255402        0.6985489334        0.1691729151
C         -0.0412890537       -0.7226242737        0.1346118102
C          1.3374082927       -0.9176789118       -0.1160787428
C         -1.3936127681        1.4633052131        0.3672853821
C         -1.2913933520        2.8542159230        0.3492291122
C         -0.0514460030        3.4313057245        0.0200061920
C          1.0843801055        2.6769257534       -0.1879596968
C          1.8844800597       -2.1936597282       -0.1237434462
C          1.0348379575       -3.2662664386        0.0631463465
C         -0.3345377955       -3.0807642289        0.2707292343
C         -0.8817180660       -1.8087364038        0.3227559786
N         -2.4027744095        3.6579374258        0.5956048080
C         -3.7144520520        3.1337898358        0.6469065728
C         -4.6759739932        3.6853211717       -0.2046830260
O         -4.3705803469        4.7680746370       -1.0012003169
C         -3.3822498853        5.5776051751       -0.4833563070
C         -2.4002321435        5.0510265651        0.3603994903
N         -1.1702311545       -4.2164442889        0.4442435026
C         -1.9853154839       -4.6541718708       -0.5948045945
C         -2.7688561450       -5.8029147426       -0.4190562004
O         -2.7619299673       -6.5275319936        0.7547145479
C         -1.9437223735       -6.0772852385        1.7698941569
C         -1.1460237060       -4.9327214111        1.6363486753
C         -3.4033835034        6.9295877777       -0.7845834331
C         -2.4599252810        7.7713075917       -0.2202145984
C         -1.5340484205        7.2711816028        0.6790738986
C         -1.5095560350        5.9197257689        0.9789079215
C         -4.0998869317        2.1452386301        1.5437455126
C         -5.3898970525        1.6427786828        1.5134225355
C         -6.3122740994        2.1379335605        0.6079733574
C         -5.9654036367        3.1798241548       -0.2353824300
C         -1.9423399541       -6.8021215043        2.9454585815
C         -1.1519408924       -6.3998589566        4.0142557772
C         -0.3726596787       -5.2671191924        3.8971295447
C         -0.3703206723       -4.5361967497        2.7184989795
C         -2.0376192881       -3.9982687047       -1.8183005073
C         -2.8573171827       -4.4620743100       -2.8363624615
C         -3.6322931833       -5.5883954962       -2.6499826051
C         -3.5834637552       -6.2610011516       -1.4359034205
H          3.4317698304       -0.9594522755       -2.0382576157
H          5.8022444198       -0.5784635144       -2.4881784666
H          5.8847401037        2.4802863004        0.5026651416
H          3.5091849658        2.0799827483        0.9753503715
H          9.4001391544        0.7293104562       -2.3562616377
H         -2.3418366638        0.9706788951        0.4973586273
H          0.0190690952        4.4978339278       -0.1130365918
H          2.0065661489        3.1637234197       -0.4628832561
H          2.9420801223       -2.3548656494       -0.2563873996
H          1.4270795006       -4.2717815151        0.0569430132
H         -1.9359151435       -1.6739912602        0.5083792795
H         -4.1590296448        7.2992388112       -1.4591103929
H         -2.4679780981        8.8212307397       -0.4659185793
H         -0.8254389462        7.9332034945        1.1512608509
H         -0.8009279124        5.5309312749        1.6930996336
H         -3.3873850541        1.7761793248        2.2644446696
H         -5.6720083433        0.8613124803        2.2013597155
H         -7.3116643291        1.7344132128        0.5731507793
H         -6.6757072663        3.6112657226       -0.9223581338
H         -2.5678887528       -7.6785047003        3.0076545062
H         -1.1574957153       -6.9732336239        4.9273715119
H          0.2399584409       -4.9393767477        4.7224897961
H          0.2355512978       -3.6477432269        2.6349759676
H         -1.4292648043       -3.1211708306       -1.9728868504
H         -2.8806622556       -3.9338100388       -3.7767589335
H         -4.2714775410       -5.9543790602       -3.4374262710
H         -4.1709156062       -7.1484462606       -1.2610837512
