C          3.3049632668        0.5625040915       -0.2059140396
C          3.8029366308        1.4845483398       -1.1297928197
C          5.1556220627        1.7124719065       -1.2199061266
C          6.0579220885        1.0295980583       -0.3926822478
C          5.5481946949        0.1064604328        0.5298623564
C          4.1953353372       -0.1241547884        0.6228299118
C          7.4748650040        1.2855947844       -0.5019235272
S          8.1253010598        2.4406763096       -1.4824844519
S          8.5275988008        0.2847653475        0.4831362450
N          1.9345404372        0.3311196675       -0.1108857299
C          0.9503769035        1.3023668304       -0.0652320175
C         -0.3155626048        0.6801478782        0.0300242431
C         -0.0766365997       -0.7363606820        0.0317220330
C          1.3238378075       -0.9089808947       -0.0517927001
C         -1.4698538314        1.4435969758        0.1182760115
C         -1.3478220017        2.8242145144        0.1095832147
C         -0.0898943208        3.4327440765        0.0421919187
C          1.0680728354        2.6853759619       -0.0341586914
C          1.8813639114       -2.1779333416       -0.1337772759
C          1.0296477266       -3.2632771776       -0.0937362847
C         -0.3549343852       -3.1008072201        0.0246488746
C         -0.9197356571       -1.8364265202        0.0823741162
N         -2.5072961586        3.6365194450        0.1793237159
C         -2.7514514112        4.4215666513        1.3040978424
C         -3.8781885216        5.2541818317        1.3334543905
O         -4.7730499699        5.3208623780        0.2869913158
C         -4.5234396094        4.5223065176       -0.8088190696
C         -3.4030344743        3.6839957995       -0.8872403574
N         -1.1854551907       -4.2486405768        0.0668615697
C         -2.0413423943       -4.5443040959       -0.9924590165
C         -2.8320281653       -5.7002092752       -0.9369870407
O         -2.7876274162       -6.5750680668        0.1275298006
C         -1.9308950285       -6.2666766910        1.1625703561
C         -1.1323848537       -5.1152089590        1.1565622644
C         -5.4283801474        4.5897271831       -1.8505085295
C         -5.2337046635        3.8317191451       -2.9970869760
C         -4.1231889576        3.0183869187       -3.0933982479
C         -3.2128838148        2.9469001570       -2.0497607062
C         -1.9289285942        4.3862767732        2.4235603475
C         -2.1988063136        5.1799585532        3.5281362595
C         -3.2979534689        6.0142566435        3.5367799085
C         -4.1429659050        6.0437629586        2.4356894220
C         -1.8959315230       -7.1434966930        2.2295537954
C         -1.0738342449       -6.8878641144        3.3186500072
C         -0.3015759275       -5.7443491460        3.3339810847
C         -0.3326986014       -4.8622953702        2.2644836347
C         -2.1223712635       -3.7457012119       -2.1267545190
C         -2.9854049161       -4.0685894455       -3.1630200715
C         -3.7755487779       -5.1973579323       -3.0880011623
C         -3.6911574443       -6.0176306882       -1.9712675732
H          3.1244410328        1.9968902921       -1.7932845595
H          5.5401264396        2.4146710868       -1.9435685564
H          6.2229033840       -0.4192426920        1.1884512936
H          3.8156221002       -0.8159640614        1.3577237762
H          9.6657862252        0.8504230588        0.0902743279
H         -2.4410216961        0.9801290553        0.1939218851
H         -0.0342881532        4.5104936877        0.0564214882
H          2.0298733562        3.1715685391       -0.0604195420
H          2.9433950362       -2.3220408252       -0.2489583178
H          1.4296299041       -4.2635670171       -0.1582837635
H         -1.9893698648       -1.7165096683        0.1544411588
H         -6.2781811017        5.2457838022       -1.7474837134
H         -5.9465421638        3.8904617856       -3.8038664593
H         -3.9521983793        2.4326527914       -3.9830379463
H         -2.3427364091        2.3167191531       -2.1407911182
H         -1.0739222322        3.7292322488        2.4312177942
H         -1.5411008538        5.1361785131        4.3821336238
H         -3.5117110632        6.6364544747        4.3909829157
H         -5.0180273910        6.6738560719        2.4149914126
H         -2.5226562665       -8.0204052019        2.1915131419
H         -1.0519455465       -7.5797173686        4.1453037128
H          0.3311357857       -5.5256243359        4.1799030442
H          0.2654076286       -3.9655574962        2.2909918789
H         -1.5009039237       -2.8677744168       -2.2019226661
H         -3.0305562981       -3.4283849889       -4.0301373329
H         -4.4508959823       -5.4526829653       -3.8887632182
H         -4.2839301357       -6.9146156770       -1.8861636045
