C          3.3219109952        0.5491489610       -0.0738023461
C          3.8842910841        1.5439487987       -0.8806251254
C          5.2403273453        1.7608685473       -0.8714961577
C          6.0885605943        0.9965830967       -0.0563960568
C          5.5153750000        0.0053723537        0.7526353203
C          4.1589445489       -0.2153163945        0.7453841757
C          7.5087085420        1.2387779554       -0.0629026294
S          8.2290350690        2.4694172732       -0.8932414542
S          8.4963447056        0.1314948256        0.8786106129
N          1.9517499405        0.3295369145       -0.0842240122
C          0.9726122637        1.3147477375       -0.0716698246
C         -0.3012142757        0.7127990112       -0.0968399107
C         -0.0809667182       -0.7076038067       -0.1319776645
C          1.3207525565       -0.9009532481       -0.1221653507
C         -1.4560949176        1.4761006832       -0.0726939951
C         -1.3536922458        2.8664694712       -0.0335191757
C         -0.0755462723        3.4425301990        0.0819136493
C          1.0799580353        2.6896630530        0.0663908336
C          1.8642021739       -2.1741894996       -0.2270202125
C          0.9968238574       -3.2469637081       -0.2916646249
C         -0.3876688296       -3.0630036609       -0.2670171506
C         -0.9392557871       -1.7944497279       -0.1985034968
N         -2.4926245318        3.6700117695       -0.0514741691
C         -2.4465224179        5.0538499171        0.2309912250
C         -3.2491225870        5.5421858335        1.2657021598
O         -4.1217388865        4.7081372477        1.9311462429
C         -4.5712680451        3.6509790987        1.1695129028
C         -3.7893933530        3.1373582934        0.1309539978
N         -1.2397727536       -4.2004681714       -0.3368734447
C         -1.6194423565       -4.7149794367       -1.5709656287
C         -2.4003654405       -5.8776299050       -1.6224619228
O         -2.8093188194       -6.5409593730       -0.4835268812
C         -2.3889213865       -6.0325880978        0.7285539263
C         -1.6075812855       -4.8728447211        0.8223586684
C         -5.8298293019        3.1330401512        1.4283591373
C         -6.3291869901        2.1173780540        0.6308027631
C         -5.5957456296        1.6610072737       -0.4507041327
C         -4.3364487803        2.1756644217       -0.7091880352
C         -1.6887358548        5.9503570446       -0.5122532369
C         -1.6535540695        7.2893440566       -0.1618533686
C         -2.3901207439        7.7494957971        0.9160665320
C         -3.2101153267        6.8816669119        1.6171360801
C         -2.7703857448       -6.7154854934        1.8664259755
C         -2.3841499335       -6.2569590654        3.1196004917
C         -1.6163292369       -5.1150755513        3.2218932199
C         -1.2292221936       -4.4263085590        2.0819229998
C         -1.2526901771       -4.1072907861       -2.7648672559
C         -1.6508070412       -4.6413093580       -3.9814429227
C         -2.4180846378       -5.7873978543       -4.0223310297
C         -2.7926433845       -6.4062059530       -2.8363346127
H          3.2504992757        2.1201130919       -1.5357938697
H          5.6733098267        2.5166168692       -1.5088743450
H          6.1450861945       -0.5810094306        1.4048234914
H          3.7314571847       -0.9582446279        1.3996790363
H          9.6597362168        0.7138119866        0.6013975933
H         -2.4119626259        0.9817101301       -0.0475562338
H          0.0164512549        4.5060312567        0.2254264306
H          2.0360186383        3.1745900480        0.1839021705
H          2.9293024126       -2.3324056612       -0.2771997116
H          1.3854030199       -4.2508611156       -0.3700439216
H         -2.0098661844       -1.6623420749       -0.2048888905
H         -6.3964168212        3.5341916764        2.2533935192
H         -7.3024884389        1.7039105108        0.8419509887
H         -6.0021969028        0.9002720947       -1.0984766640
H         -3.7732427222        1.8367684534       -1.5643155374
H         -1.1292611308        5.5924018757       -1.3621234586
H         -1.0466635287        7.9728888599       -0.7343887415
H         -2.3490176139        8.7891475960        1.1992907240
H         -3.8223585236        7.2210403803        2.4372666645
H         -3.3701547886       -7.6048233556        1.7541282305
H         -2.6879949292       -6.7974458888        4.0017563854
H         -1.3109958979       -4.7486662513        4.1896168012
H         -0.6294671078       -3.5334525719        2.1647415923
H         -0.6519114884       -3.2117763766       -2.7363566253
H         -1.3534803593       -4.1515813600       -4.8956207802
H         -2.7297496774       -6.2084894008       -4.9647571920
H         -3.3912329392       -7.3033888056       -2.8356468997
