C          3.2824813305        0.5625963898       -0.4009739607
C          3.9879299016       -0.0715469582       -1.4253935262
C          5.3350010242        0.1591787563       -1.5839427800
C          6.0153331363        1.0465149662       -0.7421769474
C          5.3029391498        1.6742726977        0.2856864355
C          3.9586323597        1.4291814420        0.4589073318
C          7.4382600384        1.2483755252       -0.9350727552
S          8.4285212862        0.0655081688       -1.5109100704
S          8.1565274637        2.7938001987       -0.5368807559
N          1.9180070674        0.3277181477       -0.2344682206
C          0.9479309658        1.2941125137       -0.0414392883
C         -0.3164417892        0.6709508009        0.0691885906
C         -0.0884681496       -0.7418437780       -0.0534357192
C          1.3022991366       -0.9104593644       -0.2431441345
C         -1.4616099997        1.4319552456        0.2527714910
C         -1.3321727038        2.8102362128        0.3069108489
C         -0.0823206648        3.4216504378        0.1649978862
C          1.0662789803        2.6772360708       -0.0128073516
C          1.8608228326       -2.1784698088       -0.3334614626
C          1.0130366715       -3.2654377735       -0.2669464173
C         -0.3685596184       -3.1053718583       -0.1143106864
C         -0.9299467829       -1.8433292051       -0.0021158100
N         -2.4814828400        3.6214762672        0.4935230169
C         -2.6784964803        4.2928539281        1.6970070226
C         -3.8005307175        5.1179868275        1.8513237546
O         -4.7326675420        5.2892567973        0.8494559589
C         -4.5191481925        4.6136147431       -0.3336682863
C         -3.4074554770        3.7837533597       -0.5334198247
N         -1.1962237803       -4.2547159343       -0.0527855038
C         -1.3489249642       -5.0730432130       -1.1697917368
C         -2.1325333862       -6.2309627854       -1.0757523361
O         -2.7774097116       -6.5921759098        0.0879145863
C         -2.6143458828       -5.7686116328        1.1815196203
C         -1.8287341111       -4.6087864233        1.1375388788
C         -5.4516279281        4.7951028563       -1.3363844537
C         -5.2946140214        4.1604347669       -2.5613669587
C         -4.1956280759        3.3535114300       -2.7736141747
C         -3.2569775859        3.1679817816       -1.7697349916
C         -1.8089939196        4.1520937966        2.7714899134
C         -2.0339433797        4.8313123192        3.9594167145
C         -3.1324759810        5.6552825599        4.0949568026
C         -4.0202208462        5.7931661728        3.0361306554
C         -3.2558522796       -6.1426114953        2.3464837643
C         -3.1224125837       -5.3762133067        3.4962442556
C         -2.3336298470       -4.2443497604        3.4702513180
C         -1.6886416784       -3.8648098407        2.3028038084
C         -0.7737414559       -4.7649031317       -2.3966504303
C         -0.9444400961       -5.5996022632       -3.4907213722
C         -1.6983424514       -6.7500929808       -3.3803256798
C         -2.2989667610       -7.0605048711       -2.1677710676
H          3.4693590013       -0.7258529266       -2.1078512058
H          5.8813184342       -0.3234539488       -2.3796812088
H          5.8159906059        2.3110388604        0.9904276444
H          3.4301350730        1.8855042112        1.2806824787
H          7.0252360077        3.4758102793       -0.3422235443
H         -2.4316238981        0.9686978357        0.3433175642
H         -0.0276492609        4.4990621914        0.1941074366
H          2.0180408863        3.1654912061       -0.1445073286
H          2.9251026091       -2.3218075259       -0.4288953700
H          1.4145945104       -4.2653631626       -0.3288577799
H         -1.9938223648       -1.7269157316        0.1334089738
H         -6.2935544887        5.4404063929       -1.1414428065
H         -6.0287750659        4.3080686624       -3.3371244641
H         -4.0559998747        2.8617201843       -3.7236414776
H         -2.3963992128        2.5429970433       -1.9479433578
H         -0.9539037646        3.5020149804        2.6765905854
H         -1.3424733394        4.7065976971        4.7780199869
H         -3.3126800490        6.1876171026        5.0151285171
H         -4.8940038181        6.4207178724        3.1131737635
H         -3.8530399845       -7.0406329360        2.3352208238
H         -3.6290681084       -5.6754392676        4.3997169441
H         -2.2100059951       -3.6456171273        4.3591050250
H         -1.0653407969       -2.9849922120        2.2978608748
H         -0.1921031495       -3.8624009194       -2.4959026830
H         -0.4832138945       -5.3386495202       -4.4304030718
H         -1.8322573455       -7.4054336086       -4.2259619451
H         -2.9057994202       -7.9443847645       -2.0506536475
