C          3.2678249992        0.5929925216       -0.6769105012
C          3.6148019332        1.5059230370       -1.6787869599
C          4.9339907314        1.7290819709       -1.9879235179
C          5.9598354823        1.0531037464       -1.3102551235
C          5.6025352605        0.1402765344       -0.3074104679
C          4.2837230837       -0.0875267513        0.0028583477
C          7.3368075401        1.3024765560       -1.6493426284
S          7.8261813797        2.4405922462       -2.7404415495
S          8.5369760542        0.3121654774       -0.8322641840
N          1.9372867956        0.3587329063       -0.3636947172
C          0.9484679388        1.3164257082       -0.2209184299
C         -0.2741573157        0.6823445915        0.1009252079
C         -0.0041391505       -0.7287441539        0.1576278421
C          1.3658818520       -0.8863688591       -0.1319614091
C         -1.4205424703        1.4307718526        0.3160069618
C         -1.3308188172        2.8122917759        0.2375031521
C         -0.1089410225        3.4349215954       -0.0361351574
C          1.0377232404        2.7011533239       -0.2667958360
C          1.8992041417       -2.1601029985       -0.2515824129
C          1.0875093064       -3.2426841708        0.0165822490
C         -0.2576218604       -3.1005093659        0.4025768913
C         -0.8133436557       -1.8212626624        0.4178605224
N         -2.4820163732        3.6095624413        0.4573144904
C         -3.0754768600        3.6672226429        1.7171287297
C         -4.1961813557        4.4855705791        1.9139073011
O         -4.7322674798        5.2589961463        0.9062247741
C         -4.1269600308        5.1921484244       -0.3301857221
C         -3.0152696942        4.3753128452       -0.5771190985
N         -1.0297548416       -4.2199014173        0.7075374531
C         -0.5850352376       -5.5388510227        0.4645052560
C         -1.3830955363       -6.3663204558       -0.3305144754
O         -2.6075603256       -5.9304087069       -0.7900239468
C         -3.2078381832       -4.9969442128        0.0274729212
C         -2.4362649363       -4.1510649524        0.8292377025
C         -4.6731318985        5.9642288172       -1.3371709445
C         -4.1323905746        5.9318710904       -2.6153522214
C         -3.0539950297        5.1113609752       -2.8762756305
C         -2.5020490252        4.3357916480       -1.8680174507
C         -2.5789264044        2.9603641306        2.8057681484
C         -3.1957124907        3.0383820815        4.0452847049
C         -4.3129692127        3.8288727921        4.2214686431
C         -4.8084046911        4.5595056623        3.1502027283
C         -4.5914270364       -4.9399269445        0.0678662085
C         -5.2150242557       -4.0563644983        0.9324893335
C         -4.4591672820       -3.2740210832        1.7883959748
C         -3.0761381777       -3.3284030524        1.7479247485
C          0.5704934231       -6.0627693406        1.0307920501
C          0.9738626593       -7.3510384829        0.7230754825
C          0.2181492056       -8.1351387444       -0.1313771700
C         -0.9762957670       -7.6538479449       -0.6400897622
H          2.8398455854        2.0097002272       -2.2343258524
H          5.1972717372        2.4204994670       -2.7738339964
H          6.3746163140       -0.3785930079        0.2406351376
H          4.0270181672       -0.7702191103        0.7970323729
H          9.5955779986        0.8700139475       -1.4130044669
H         -2.3605263360        0.9550142675        0.5487824712
H         -0.0705686644        4.5133542433       -0.0620978864
H          1.9744690585        3.2020881600       -0.4509453746
H          2.9172655026       -2.3209025232       -0.5686028135
H          1.5011161405       -4.2285502558       -0.1136278422
H         -1.8642819978       -1.6666257903        0.5924464271
H         -5.5247919942        6.5828492115       -1.1023196269
H         -4.5637550094        6.5405004378       -3.3938005281
H         -2.6322442913        5.0644580589       -3.8681840250
H         -1.6669610508        3.6890410108       -2.0851410863
H         -1.6986994751        2.3497918128        2.6832963820
H         -2.7902508925        2.4758873416        4.8717062101
H         -4.7991660153        3.8917375417        5.1817312257
H         -5.6702029890        5.1992961608        3.2558528267
H         -5.1567188687       -5.5885347303       -0.5820797177
H         -6.2918037246       -4.0014467409        0.9527495425
H         -4.9447436214       -2.6164035355        2.4921668529
H         -2.4865787236       -2.7355707371        2.4292498393
H          1.1478267251       -5.4571120156        1.7113208553
H          1.8827257946       -7.7405648010        1.1538017937
H          0.5413150422       -9.1323283559       -0.3842737466
H         -1.6031177963       -8.2569385634       -1.2773122081
