C          3.3069298323        0.5580612714       -0.1962474297
C          3.8131585153        1.4760479887       -1.1184041846
C          5.1680358214        1.7022238381       -1.1971073164
C          6.0617035759        1.0042192427       -0.3766942486
C          5.5466415314        0.0888002475        0.5480584146
C          4.1893040946       -0.1246800161        0.6423394136
C          7.4800390176        1.2862383794       -0.4814074771
S          8.0576281420        2.7705320540       -0.8999599088
S          8.6432553897        0.0230262007       -0.1431386290
N          1.9343563455        0.3300868514       -0.1068878695
C          0.9513719911        1.3018060135       -0.0622410474
C         -0.3152426623        0.6803194601        0.0317132578
C         -0.0773137256       -0.7361850630        0.0340449118
C          1.3231592379       -0.9092089060       -0.0489966475
C         -1.4691172565        1.4448533730        0.1174747259
C         -1.3462746468        2.8252522461        0.1057889833
C         -0.0878699718        3.4329381290        0.0381242538
C          1.0698362716        2.6848505502       -0.0345032812
C          1.8808648492       -2.1782111355       -0.1290907820
C          1.0292402659       -3.2634585289       -0.0892024033
C         -0.3554076820       -3.1007575477        0.0287751705
C         -0.9202898254       -1.8364910910        0.0858581421
N         -2.5056711895        3.6383113083        0.1719144504
C         -2.7496943204        4.4285644481        1.2930004599
C         -3.8760533578        5.2618705639        1.3185308987
O         -4.7711064677        5.3239017127        0.2719082300
C         -4.5222705986        4.5193482103       -0.8197635992
C         -3.4017043876        3.6808987723       -0.8946158053
N         -1.1850899316       -4.2493135572        0.0725721669
C         -2.0450332320       -4.5446947099       -0.9834407114
C         -2.8357497922       -5.7004614507       -0.9251339451
O         -2.7876342262       -6.5754760481        0.1392188756
C         -1.9288542757       -6.2658459622        1.1722751251
C         -1.1305135459       -5.1142788708        1.1634021468
C         -5.4282875843        4.5809779454       -1.8608442635
C         -5.2345397586        3.8170737907       -3.0036738614
C         -4.1236584349        3.0039177858       -3.0968510609
C         -3.2123608383        2.9381640604       -2.0536912784
C         -1.9273233250        4.3983527210        2.4127519561
C         -2.1967376739        5.1975883187        3.5134349045
C         -3.2953516787        6.0325831643        3.5180473705
C         -4.1403971595        6.0569961251        2.4168387366
C         -1.8916354798       -7.1416080026        2.2400321992
C         -1.0671393433       -6.8850529190        3.3271237490
C         -0.2950228766       -5.7414374151        3.3397305178
C         -0.3285682712       -4.8603668265        2.2695090414
C         -2.1300640139       -3.7462331573       -2.1175613508
C         -2.9968331490       -4.0690785117       -3.1507216588
C         -3.7869013388       -5.1976783290       -3.0728093132
C         -3.6986377977       -6.0178212691       -1.9562605756
H          3.1412440609        1.9909033104       -1.7864024287
H          5.5629146888        2.4053571367       -1.9142619433
H          6.2067156622       -0.4140024514        1.2385909896
H          3.8014481503       -0.8007370758        1.3876269256
H          7.7880006310       -1.0003291393       -0.0790199598
H         -2.4407682529        0.9822159209        0.1926736328
H         -0.0317321377        4.5107334878        0.0492583232
H          2.0318998395        3.1706862522       -0.0607717749
H          2.9430147508       -2.3219986840       -0.2424616448
H          1.4286853357       -4.2640035559       -0.1528710545
H         -1.9899310785       -1.7165454866        0.1584183200
H         -6.2782117701        5.2372816576       -1.7602778239
H         -5.9484634849        3.8710726584       -3.8098315499
H         -3.9533210822        2.4135477161       -3.9835465198
H         -2.3420395836        2.3079155683       -2.1424574061
H         -1.0725397300        3.7410628611        2.4236696390
H         -1.5389364892        5.1577577417        4.3675695285
H         -3.5086467491        6.6592812609        4.3690793972
H         -5.0151195474        6.6874730347        2.3929652624
H         -2.5185427075       -8.0184946054        2.2041533457
H         -1.0435059121       -7.5761901902        4.1543420707
H          0.3393776869       -5.5219519916        4.1841973087
H          0.2690742057       -3.9633033947        2.2942128606
H         -1.5089444354       -2.8682772809       -2.1950866033
H         -3.0451233749       -3.4288961286       -4.0176991061
H         -4.4651170553       -5.4530709736       -3.8711376028
H         -4.2912204951       -6.9147394576       -1.8689165429
