C          0.0044187657        4.5449578808        0.6495863254
C          1.2088302086        5.2356854563        0.7871481045
C          1.2159234031        6.5897273125        1.0429219066
C          0.0106884206        7.2750126481        1.1649157163
C         -1.1971071728        6.5946362863        1.0274571227
C         -1.1989872209        5.2416278386        0.7719840299
S         -0.0432124312        9.0047470793        1.4924495162
C          0.0034790858        3.1109114661        0.3806925553
N          1.1796662004        2.4926698979        0.2780623142
C          1.1326188837        1.1890120063        0.0088240809
N          0.0025099401        0.5046424253       -0.1598821505
C         -1.1273378617        1.1930967156       -0.0066573101
N         -1.1732729475        2.4970382056        0.2613115778
C         -2.3872549930        0.4652185522       -0.1200429473
C         -3.5935239491        1.0800107812        0.2157157336
C         -4.7770799954        0.3771703494        0.1511326702
C         -4.7795655921       -0.9552357873       -0.2643855460
C         -3.5764427477       -1.5658364699       -0.6221372625
C         -2.3937699099       -0.8643131397       -0.5430091684
C          2.3912900449        0.4565970805       -0.0879948076
C          3.5945073229        1.0648357583        0.2699090749
C          4.7761086238        0.3574601585        0.2209950144
C          4.7798771933       -0.9729509645       -0.2008305855
C          3.5802173169       -1.5768584899       -0.5808436093
C          2.3992250069       -0.8709091110       -0.5172122057
N         -5.9725653704       -1.6781382815       -0.3128607693
C         -6.1660720608       -2.9481392158        0.2027876342
C         -7.5031643076       -3.3453339439       -0.0240387071
C         -8.1413900920       -2.2595769128       -0.7155528290
C         -7.1646966397       -1.2496144721       -0.8694756058
N          5.9705854535       -1.7005248432       -0.2335524830
C          6.1505187833       -2.9739277807        0.2785569126
C          7.4893684021       -3.3757098698        0.0709388951
C          8.1430492205       -2.2892403311       -0.6048319947
C          7.1731532269       -1.2743799400       -0.7691405091
C         -7.9482859982       -4.5825285613        0.4228327691
C         -7.0627546148       -5.4000048198        1.0967332155
C         -5.7551329644       -4.9879210524        1.3429545358
C         -5.2900983300       -3.7610551724        0.9080177672
C         -7.4524992187       -0.0766759673       -1.5526172372
C         -8.7353836390        0.0887449924       -2.0401101493
C         -9.7121343548       -0.8891964142       -1.8668735075
C         -9.4234750835       -2.0714755308       -1.2145655177
C          7.9221292627       -4.6170228016        0.5185198500
C          7.0225989615       -5.4340363008        1.1741954659
C          5.7129834025       -5.0175774574        1.4017761203
C          5.2600687772       -3.7865787903        0.9657397221
C          7.4766899062       -0.0992791684       -1.4416814120
C          8.7678344020        0.0630970875       -1.9079206421
C          9.7376159142       -0.9198415418       -1.7241425994
C          9.4336742604       -2.1041320440       -1.0825036495
H          2.1343461318        4.6914337306        0.6887492679
H          2.1536595465        7.1142461469        1.1477300955
H         -2.1255950659        7.1367986586        1.1229870437
H         -2.1266660347        4.7034343774        0.6623794500
H          1.2734109258        9.1886467660        1.5378743270
H         -3.5793884534        2.1062743126        0.5465064300
H         -5.7037317897        0.8442129454        0.4467213325
H         -3.5821733814       -2.5853107475       -0.9754087390
H         -1.4587088335       -1.3278030766       -0.8136441936
H          3.5790026338        2.0894564112        0.6054925742
H          5.6998337659        0.8190473203        0.5337583870
H          3.5874792588       -2.5946309291       -0.9389660315
H          1.4667876844       -1.3292526527       -0.8051268430
H         -8.9677693721       -4.8916004203        0.2493553717
H         -7.3870024560       -6.3674241029        1.4496554509
H         -5.0900604520       -5.6395271239        1.8897857853
H         -4.2815937413       -3.4451305861        1.1255993181
H         -6.6995452544        0.6794012210       -1.7129241651
H         -8.9844806652        0.9955015736       -2.5708386269
H        -10.7037544408       -0.7207549761       -2.2591844495
H        -10.1735643358       -2.8385933381       -1.0966331724
H          8.9429099201       -4.9296523305        0.3596173857
H          7.3371072912       -6.4046158900        1.5272733784
H          5.0365868187       -5.6690599902        1.9346983945
H          4.2495458321       -3.4675059014        1.1689141091
H          6.7294483748        0.6606195805       -1.6102739683
H          9.0291714690        0.9713327542       -2.4301500754
H         10.7360374115       -0.7537742712       -2.0998802170
H         10.1785413917       -2.8750758508       -0.9566308064
