C          0.0082884426        4.5409867640       -0.0034706468
C          1.2147144654        5.2431727387        0.0008192859
C          1.2187872158        6.6200216003        0.0053270588
C          0.0138746072        7.3191122223        0.0061220532
C         -1.1943361564        6.6282870605        0.0018614180
C         -1.1931069737        5.2502472986       -0.0031415895
S          0.0754351969        9.0794196373        0.0126322962
C          0.0040235091        3.0818719332       -0.0074724772
N          1.1783421863        2.4529750081        0.0120091954
C          1.1295623083        1.1217813490        0.0083422061
N         -0.0018868512        0.4191557601       -0.0175788634
C         -1.1302816488        1.1269864834       -0.0349816493
N         -1.1733561015        2.4585524450       -0.0289478242
C         -2.3953295541        0.3992731881       -0.0599495350
C         -2.4071927156       -0.9952437738       -0.0166605646
C         -3.6000465149       -1.6843103677       -0.0354818046
C         -4.8092741725       -0.9909066372       -0.1036992348
C         -4.8006018417        0.4039355579       -0.1502344423
C         -3.6059027512        1.0897222413       -0.1257753815
C          2.3917544467        0.3892777018        0.0353407594
C          2.4001195767       -1.0045838362       -0.0261088770
C          3.5906921685       -1.6974155383       -0.0015248138
C          4.8009405108       -1.0085801821        0.0916073444
C          4.7956092531        0.3855204294        0.1560110372
C          3.6033250448        1.0751769547        0.1249220500
N         -6.0189102005       -1.6876948929       -0.1247903454
C         -6.3163984143       -2.7707571851       -0.9329212371
C         -7.6353403382       -3.2033472374       -0.6670533605
C         -8.1504716091       -2.3402374123        0.3596573967
C         -7.1242004003       -1.4168714082        0.6623594384
N          6.0082834178       -1.7089667065        0.1201906889
C          7.1265841010       -1.4277967712       -0.6446159770
C          8.1480798184       -2.3545977068       -0.3363861246
C          7.6165002612       -3.2301367053        0.6712478309
C          6.2932692062       -2.8009603682        0.9208443532
C         -8.1743203264       -4.2703802943       -1.3736836313
C         -7.3996199029       -4.8832652868       -2.3384916884
C         -6.1106694002       -4.4322662030       -2.6136901036
C         -5.5535146520       -3.3719444844       -1.9238090538
C         -7.2871886577       -0.4708801829        1.6642534169
C         -8.4989290045       -0.4358549051        2.3284227665
C         -9.5260757826       -1.3237408060        2.0167356486
C         -9.3596492672       -2.2858074671        1.0403233021
C          9.3687004062       -2.2908984328       -0.9954638632
C          9.5514279603       -1.3158382606       -1.9559412061
C          8.5292698953       -0.4243053965       -2.2735712116
C          7.3061505572       -0.4688044967       -1.6312118777
C          5.5151376634       -3.4133062017        1.8928514013
C          6.0620277289       -4.4806934378        2.5800636919
C          7.3553485720       -4.9282984485        2.3203047647
C          8.1447647504       -4.3047689364        1.3744311605
H          2.1399868445        4.6900184303       -0.0001225814
H          2.1495984470        7.1665948188        0.0085420030
H         -2.1297263199        7.1671829496        0.0022208016
H         -2.1209532240        4.7012075109       -0.0062560827
H         -1.2403721445        9.2744855695        0.0094730317
H         -1.4677423058       -1.5208394518        0.0433572703
H         -3.6077163359       -2.7616566047        0.0242942365
H         -5.7344579853        0.9390236826       -0.2268515997
H         -3.5874764251        2.1669029366       -0.1681809152
H          1.4599484140       -1.5264179855       -0.1049108717
H          3.5960888310       -2.7738862101       -0.0754843372
H          5.7297107891        0.9170453328        0.2520981547
H          3.5878928264        2.1518282984        0.1812983490
H         -9.1802367533       -4.6063207063       -1.1729540908
H         -7.7980567784       -5.7167084789       -2.8972834390
H         -5.5346209920       -4.9191447251       -3.3863878426
H         -4.5620680757       -3.0184860081       -2.1614284890
H         -6.4919538639        0.2083416262        1.9300160201
H         -8.6507003919        0.2937428859        3.1098274178
H        -10.4591612113       -1.2623830105        2.5563803597
H        -10.1476265828       -2.9869689249        0.8112247915
H         10.1530063809       -2.9947502969       -0.7620959950
H         10.4937458259       -1.2466990082       -2.4783026736
H          8.6941649293        0.3160348423       -3.0421149200
H          6.5152973793        0.2137107106       -1.9016531372
H          4.5199271115       -3.0627630726        2.1187426424
H          5.4742966941       -4.9758129827        3.3385942227
H          7.7454638405       -5.7674597673        2.8763838136
H          9.1538835142       -4.6380917052        1.1858091611
