C          6.7064337082        0.2367670950        0.1844578134
C          6.0411756718        0.9880307111       -0.7757732891
C          4.6656753642        0.9217259494       -0.8723764741
C          3.9334488914        0.1108301963       -0.0082722882
C          4.6073942640       -0.6391742007        0.9541161533
C          5.9820121236       -0.5789376835        1.0465374469
H          4.1607420072        1.4924462717       -1.6349400619
H          4.0548865668       -1.2576820600        1.6431496773
H          6.5018211232       -1.1580885205        1.7941687529
H          6.5939354958        1.6203483177       -1.4535469733
S          8.4661517614        0.2815745162        0.3528232667
H          8.6807675832        1.1569449780       -0.6244923685
N          2.5389858113        0.0526948686       -0.1017450454
C          1.7628481089       -1.0156869828        0.2139025484
C          1.7290133927        1.0765756068       -0.5203343525
C          0.4468173223       -0.6902997786       -0.0077072619
C          0.4181731312        0.6617626106       -0.4768384822
H          2.1723843900       -1.9516829302        0.5355909044
H          2.1374458456        2.0435541938       -0.7201269722
N         -0.6623095023       -1.5259238932        0.2584088956
N         -0.7277067369        1.4149165458       -0.7008818814
C         -1.4536527508       -1.1849167578        1.3538513195
C         -2.6812227882       -1.7878301206        1.6362502008
S         -3.3504980505       -3.1101273233        0.6679817628
C         -2.0318037223       -3.4265468160       -0.4734025447
C         -0.8970195911       -2.6170206174       -0.5741437223
C         -2.2124765415       -4.5157648706       -1.3100834326
C         -1.2835183562       -4.8242571056       -2.2875355142
C         -0.1695576687       -4.0176731727       -2.4230587549
C          0.0181178716       -2.9377427066       -1.5803243565
H         -1.4382335671       -5.6731283367       -2.9340649866
H         -3.1050199078       -5.1110201619       -1.1882643273
H          0.8905700682       -2.3188906307       -1.7118367824
H          0.5638928962       -4.2230636132       -3.1875376811
C         -3.4492775106       -1.3799127076        2.7134790544
C         -3.0178307921       -0.3662792076        3.5502155542
C         -1.7894691985        0.2177712319        3.3089523299
C         -1.0213941941       -0.1904001472        2.2342970408
H         -3.6318649437       -0.0477582840        4.3773154075
H         -4.3968394489       -1.8698970095        2.8818086301
H         -1.4210013783        1.0017164100        3.9524169688
H         -0.0643421631        0.2784415151        2.0705261033
C         -1.9755330385        0.7993176392       -0.8756650455
C         -3.0839845298        1.2292609444       -0.1487043501
S         -2.8980575145        2.5606108834        1.0082968882
C         -1.6860283653        3.4906614744        0.0964864401
C         -0.7310350489        2.8191304307       -0.6677704426
C         -2.1435180329       -0.2095221754       -1.8188876193
C         -3.3732023088       -0.8198737907       -1.9783149862
C         -4.4586570493       -0.4126345212       -1.2195652496
C         -4.3180733753        0.6251931725       -0.3154474518
H         -3.4811156498       -1.6203767914       -2.6943405691
H         -1.2950104495       -0.5222326548       -2.4089073042
H         -5.4148600268       -0.8986395920       -1.3329358220
H         -5.1537723319        0.9622041887        0.2785358669
C          0.1526535125        3.5718326717       -1.4350747738
C          0.1394019657        4.9535974186       -1.3705172609
C         -0.7790003708        5.6077252692       -0.5665199061
C         -1.7083409538        4.8745201759        0.1496640962
H          0.8425361811        5.5205827121       -1.9606596054
H          0.8356198761        3.0663489553       -2.0977020686
H         -2.4506663265        5.3630580839        0.7614825227
H         -0.7877098627        6.6847255957       -0.5110454675
