C          6.7396265600        0.2773397893       -0.2109121178
C          6.0337549599        0.4571900296       -1.3934984371
C          4.6532988331        0.4499575582       -1.3806483612
C          3.9577149688        0.2562017349       -0.1896016570
C          4.6721227235        0.0748530861        0.9932892029
C          6.0510743417        0.0890076909        0.9823634449
H          4.1145624037        0.6124407664       -2.3002618812
H          4.1491869844       -0.0947009248        1.9208903561
H          6.6028869595       -0.0545169576        1.8985635391
H          6.5580463648        0.6098898523       -2.3243691358
S          8.5072896822        0.2789067303       -0.1676881977
H          8.6818216442        0.4709038389       -1.4715941938
N          2.5584212221        0.2401955992       -0.1801796856
C          1.7641255488       -0.1935833975       -1.2097086832
C          1.7651012541        0.6401403713        0.8474385230
C          0.4452600287       -0.0724030545       -0.8411382102
C          0.4524083403        0.4729721176        0.4826340300
H          2.2048286036       -0.6357921218       -2.0765164932
H          2.1610484259        1.0493132999        1.7547532779
N         -0.7036787631       -0.4823021580       -1.5107314952
N         -0.6803906347        0.7159946006        1.2918247297
C         -0.7254435553       -1.5470035789       -2.4251480389
C         -1.7037008414       -2.5371518167       -2.3164447978
S         -2.9331350930       -2.4378011059       -1.0349150470
C         -3.0684655887       -0.6701784809       -0.9757117591
C         -1.9365548101        0.1103403134       -1.2035761974
C         -4.2880251449       -0.0825932413       -0.6875998104
C         -4.3896651028        1.2957524499       -0.6197997881
C         -3.2771424295        2.0827316687       -0.8693294547
C         -2.0634172604        1.4959233489       -1.1735683820
H         -5.3352647018        1.7511116913       -0.3712383075
H         -5.1428664707       -0.7129155567       -0.4952474566
H         -1.1933662314        2.1048389618       -1.3685334293
H         -3.3512462820        3.1583996557       -0.8220869711
C         -1.7395569086       -3.6020990737       -3.2012313830
C         -0.8009385346       -3.6930465041       -4.2135446038
C          0.1401545829       -2.6892158610       -4.3653903284
C          0.1661422254       -1.6171831416       -3.4913548775
H         -0.8207476406       -4.5324699459       -4.8903218045
H         -2.5009006228       -4.3568919634       -3.0792254787
H          0.8514320783       -2.7317218782       -5.1755971250
H          0.8657967273       -0.8137615059       -3.6468056088
C         -1.3491426471       -0.4052361434        1.7804455602
C         -2.6010101198       -0.3461829917        2.3960654124
S         -3.4737895883        1.1736042804        2.6480611418
C         -2.2397170853        2.3690159352        2.2125655202
C         -1.0441676395        2.0299799100        1.5732313162
C         -0.7597265474       -1.6661759245        1.6640192728
C         -1.3970107787       -2.8119931332        2.1024122542
C         -2.6456235708       -2.7351418162        2.6888298534
C         -3.2355123515       -1.4933063732        2.8416111509
H         -0.9101357893       -3.7668154648        1.9768481738
H          0.2165751976       -1.7512323067        1.2141942635
H         -3.1570186117       -3.6226743876        3.0254482393
H         -4.2071676559       -1.3955254572        3.3026817398
C         -0.2062496902        3.0839810080        1.2013043109
C         -0.5278418086        4.4018610018        1.4685528287
C         -1.7008917827        4.7148892580        2.1287500343
C         -2.5530678564        3.6883299336        2.4944698343
H          0.1482697764        5.1829748568        1.1565749965
H          0.7106600675        2.8655838058        0.6789741884
H         -3.4879236573        3.8968239954        2.9927197755
H         -1.9594602216        5.7382756338        2.3487935861
