C          6.7319007440       -0.2244852088       -0.1817282098
C          5.9802985445       -1.3877536703       -0.2875884374
C          4.6043447055       -1.3312492277       -0.1922764744
C          3.9591960119       -0.1143621804        0.0161412283
C          4.7195327791        1.0487250251        0.1247898352
C          6.0938028571        0.9937244576        0.0234743109
H          4.0286717503       -2.2366535986       -0.2998795658
H          4.2367459199        1.9965136545        0.3022554460
H          6.6814776109        1.8946976627        0.1092416463
H          6.4648817917       -2.3378879542       -0.4525317798
S          8.4961337675       -0.2379014577       -0.3013552036
H          8.6166578695       -1.5487305082       -0.4872324084
N          2.5643602467       -0.0578579562        0.1093661323
C          1.7602875554       -1.0434209572        0.6191395099
C          1.7837905299        0.9741069061       -0.3040602440
C          0.4487543079       -0.6387649935        0.5422084557
C          0.4696201236        0.6578464101       -0.0649082751
H          2.1874524954       -1.9492658761        0.9894568276
H          2.1873535103        1.8482630531       -0.7733850421
N         -0.7090620240       -1.3462566907        0.8485653231
N         -0.6542014704        1.4386332192       -0.4170275481
C         -1.9107981843       -0.6616408476        1.0779787442
C         -3.0905822538       -1.0645735318        0.4550934156
S         -3.0566112017       -2.4387606565       -0.6657412888
C         -1.8120713075       -3.3942758683        0.1721978202
C         -0.7754648054       -2.7486164791        0.8485488867
C         -1.8936560350       -4.7767101955        0.1487184432
C         -0.9430383489       -5.5370745914        0.8062226143
C          0.0576237919       -4.9077219352        1.5268688730
C          0.1302271219       -3.5266222416        1.5634399713
H         -0.9991450865       -6.6135255957        0.7721299615
H         -2.6999414175       -5.2433361997       -0.3956198089
H          0.8780819748       -3.0427994024        2.1687898452
H          0.7796296810       -5.4923540372        2.0756147546
C         -4.2796113342       -0.3960853412        0.6895063590
C         -4.3023116141        0.6867548672        1.5506135183
C         -3.1415365770        1.0786325719        2.1976234577
C         -1.9576542022        0.4013135473        1.9749132887
H         -5.2245587245        1.2216205278        1.7139163569
H         -5.1734047486       -0.7171355578        0.1766035246
H         -3.1546932931        1.9189439189        2.8748089697
H         -1.0502566687        0.7028382861        2.4764918509
C         -1.4304819527        0.9729713472       -1.4770505504
C         -2.6827717091        1.4977791006       -1.8024722715
S         -3.4157233679        2.8461715450       -0.9197360321
C         -2.0737346924        3.3662323709        0.1146557900
C         -0.9047707117        2.6180494078        0.2791610437
C         -0.9552644820       -0.0710846329       -2.2738441247
C         -1.7026132617       -0.5934467439       -3.3129891791
C         -2.9511128215       -0.0776339316       -3.6027026112
C         -3.4280287445        0.9785950979       -2.8474281035
H         -1.3017448598       -1.4113339777       -3.8915673199
H          0.0191577240       -0.4858108358       -2.0709964786
H         -3.5479713866       -0.4836819269       -4.4035954199
H         -4.3952060071        1.4130167152       -3.0526353886
C          0.0262562025        3.0984694357        1.2033640462
C         -0.1802755358        4.2702210558        1.9075305079
C         -1.3280500353        5.0132191850        1.7063103463
C         -2.2721415457        4.5486602499        0.8082609714
H          0.5652525013        4.5982693193        2.6155039492
H          0.9248555646        2.5318781233        1.3843349496
H         -3.1908953106        5.0908855209        0.6422109101
H         -1.4971810566        5.9325390788        2.2437245175
