C          6.7035837563       -0.5955013891        0.0470962803
C          5.9400209796       -1.7484176868       -0.0826695642
C          4.5638710615       -1.6605231498       -0.1485091109
C          3.9296074763       -0.4223906031       -0.0788705324
C          4.7018093113        0.7305156170        0.0523604979
C          6.0768764546        0.6440766160        0.1111463232
H          3.9812914589       -2.5593947288       -0.2705962037
H          4.2259317157        1.6952437529        0.1264258697
H          6.6730894075        1.5374078456        0.2162096436
H          6.4164156537       -2.7151668429       -0.1390767140
S          8.4688280810       -0.6480833329        0.1358766646
H          8.5767370431       -1.9704334157        0.0508763662
N          2.5342322658       -0.3362633938       -0.1339348775
C          1.8197685236        0.7026209010       -0.6385705678
C          1.6627429930       -1.2867471865        0.3315795433
C          0.4814062305        0.4245791552       -0.5080242512
C          0.3736962055       -0.8553092081        0.1238479189
H          2.2838906657        1.5552902325       -1.0912656046
H          2.0286902957       -2.1421926476        0.8566929918
N         -0.5848950577        1.2846358348       -0.8566226665
N         -0.8191969088       -1.4374252471        0.5371237142
C         -0.8743166091        1.4926663797       -2.2022936477
C         -1.9980831915        2.1983412909       -2.6408667419
S         -3.2350408360        2.8275511244       -1.5382555075
C         -2.4594563888        2.5984733237        0.0367796803
C         -1.2644435774        1.8940372385        0.1968692733
C         -3.1111529441        3.1605660212        1.1212864626
C         -2.5947885121        3.0419258229        2.3991681754
C         -1.4002829818        2.3705233919        2.5748377225
C         -0.7460221362        1.8142069906        1.4914037732
H         -3.1195360280        3.4712158247        3.2375718057
H         -4.0374692418        3.6873116237        0.9459194380
H          0.1874174623        1.2995299938        1.6540069982
H         -0.9695921325        2.2697311548        3.5591129615
C         -2.2358265562        2.4012610506       -3.9902605550
C         -1.3785271029        1.8898709430       -4.9479967951
C         -0.2779742841        1.1631450035       -4.5349002740
C         -0.0312440544        0.9731260187       -3.1878065350
H         -1.5780523429        2.0506012778       -5.9953441272
H         -3.1167530726        2.9560378925       -4.2764833224
H          0.3991437775        0.7380847972       -5.2597682166
H          0.8293549949        0.3965848346       -2.8905172840
C         -0.9007398545       -2.3340154654        1.6146187854
C         -1.8581303966       -2.1351331264        2.6105963701
S         -2.9796065683       -0.7585655147        2.4982395672
C         -3.1352287457       -0.7307456627        0.7313701528
C         -2.0338978680       -1.0632415838       -0.0551087971
C         -0.0948849764       -3.4660088643        1.6891961263
C         -0.1812743478       -4.3227126889        2.7719837315
C         -1.0986904330       -4.0843612512        3.7812834151
C         -1.9546605384       -3.0014499767        3.6869059826
H          0.4634041640       -5.1866225952        2.8193739731
H          0.5840062313       -3.6828950344        0.8815630543
H         -1.1646275801       -4.7480666600        4.6287798695
H         -2.6964887109       -2.8108096858        4.4468439373
C         -2.1783267510       -1.0730313566       -1.4390537601
C         -3.3754508669       -0.7007516827       -2.0206502268
C         -4.4539652375       -0.3403663323       -1.2289712061
C         -4.3382391561       -0.3702335916        0.1495435853
H         -3.4629511070       -0.6867393850       -3.0963346365
H         -1.3346347647       -1.3541759984       -2.0514119368
H         -5.1678759581       -0.0959210570        0.7831341815
H         -5.3847929981       -0.0370445367       -1.6816288586
