C          6.8832787115       -0.0137222688       -0.0744002754
C          6.1725208428       -0.5594145674       -1.1361522907
C          4.7919039819       -0.5586264499       -1.1144782281
C          4.1052311583       -0.0088702983       -0.0361489193
C          4.8212649762        0.5397135569        1.0246540647
C          6.2004821842        0.5346054908        1.0060880416
H          4.2468215187       -1.0013164459       -1.9328584253
H          4.3004047415        0.9844809602        1.8573984130
H          6.7568494611        0.9617851642        1.8258589104
H          6.6926972777       -0.9914397478       -1.9771066045
S          8.6498420170        0.0094487015       -0.0465015495
H          8.8200748228       -0.5894499747       -1.2209907080
N          2.7009147127       -0.0077200416       -0.0175895839
C          1.9276461835       -0.1548878939        1.0959454216
C          1.8975395632        0.1426856949       -1.1096803478
C          0.6118430122       -0.1032486806        0.7165024066
C          0.5930329483        0.0958074601       -0.6934857364
H          2.3541822244       -0.3174690478        2.0649357641
H          2.2945910710        0.3051141198       -2.0906786591
N         -0.5721193932       -0.2137590042        1.4789041375
N         -0.6029546340        0.2125910802       -1.4442810210
C         -1.2192632024        0.9734774779        1.8201722580
C         -2.6072633695        1.1018419145        1.8613147519
S         -3.6891711450       -0.2296160610        1.4052435437
C         -2.5848892392       -1.6158576843        1.5044529325
C         -1.1991429636       -1.4594308627        1.5019111690
C         -3.1553242452       -2.8774062397        1.5305422192
C         -2.3593854280       -4.0087506711        1.5449140319
C         -0.9835486976       -3.8687808125        1.5474125474
C         -0.4127480271       -2.6105180507        1.5327935092
H         -2.8153010365       -4.9858983936        1.5508527572
H         -4.2319821343       -2.9579240289        1.5175939110
H          0.6605743958       -2.5037482508        1.5344799818
H         -0.3479030297       -4.7403764762        1.5612021035
C         -3.1972363443        2.3045686493        2.2120312849
C         -2.4190571555        3.4064114398        2.5189547988
C         -1.0412401179        3.2928022161        2.4860166231
C         -0.4510771269        2.0902281529        2.1474956268
H         -2.8901835848        4.3413887179        2.7769641901
H         -4.2750556698        2.3686393422        2.2194397180
H         -0.4195235555        4.1416386946        2.7243516971
H          0.6236767671        2.0034047889        2.1217824185
C         -1.2674102015       -0.9852242124       -1.7170992502
C         -2.6160082546       -1.0610015334       -2.0703576764
S         -3.6376587326        0.3684066322       -2.2985874385
C         -2.5780766645        1.6599016813       -1.7085171331
C         -1.2330933143        1.4579282052       -1.3930219534
C         -0.5613906312       -2.1875640497       -1.6420209850
C         -1.1711487579       -3.4063472573       -1.8710981251
C         -2.5158780895       -3.4645673478       -2.1824001428
C         -3.2288868235       -2.2842720319       -2.2865114230
H         -0.5875770204       -4.3106173881       -1.7983664842
H          0.4876311465       -2.1626633358       -1.3958448160
H         -3.0074882783       -4.4093884340       -2.3499306977
H         -4.2786492295       -2.2927390871       -2.5397560208
C         -0.4946853395        2.5792706327       -1.0096974947
C         -1.0702670776        3.8317094081       -0.9105772803
C         -2.4120655706        4.0056807424       -1.1896928228
C         -3.1567684555        2.9132710481       -1.5950647640
H         -0.4620967594        4.6695897211       -0.6077862211
H          0.5529306141        2.4628391408       -0.7845950985
H         -4.2050834520        3.0161226904       -1.8330815477
H         -2.8771716700        4.9744625724       -1.1027409300
