C          6.6898846167       -0.3397077260        0.5430438359
C          5.8991516867        0.1318474334        1.5831391469
C          4.5313974187        0.2253584074        1.4219944179
C          3.9336875374       -0.1436397810        0.2190901555
C          4.7334212990       -0.6114209789       -0.8220631205
C          6.0993306848       -0.7113224898       -0.6595531802
H          3.9238027532        0.5713879518        2.2429018892
H          4.2887470581       -0.8824779525       -1.7659468722
H          6.7178670839       -1.0721071447       -1.4667920186
H          6.3463406604        0.4190203532        2.5225214324
S          8.4453881760       -0.4866017748        0.6966182441
H          8.5180840029       -0.0392303520        1.9462967044
N          2.5470216067       -0.0484440095        0.0602292991
C          1.7818275907       -0.8668375320       -0.7295477107
C          1.7367483142        0.8601971194        0.6615712063
C          0.4652671339       -0.4793804628       -0.6377929172
C          0.4433551339        0.6386403621        0.2559732347
H          2.2192642925       -1.7131029642       -1.2135346059
H          2.1114301741        1.6309626925        1.3040661330
N         -0.6573141528       -1.0990454044       -1.1738878297
N         -0.6953096789        1.3448245615        0.7070491769
C         -1.8839991699       -0.4236201907       -1.2470368219
C         -3.0535019909       -1.0281297680       -0.7900864630
S         -2.9727540264       -2.6595463229       -0.0986915390
C         -1.6834218641       -3.2919955744       -1.1487063879
C         -0.6644229207       -2.4426996553       -1.5823129593
C         -1.7104979276       -4.6228121141       -1.5314043273
C         -0.7215939168       -5.1233784858       -2.3594898919
C          0.2636407818       -4.2773888167       -2.8402050477
C          0.2824269477       -2.9446033112       -2.4699414893
H         -0.7349832727       -6.1638698210       -2.6428305925
H         -2.5041766681       -5.2562226249       -1.1667865184
H          1.0203455792       -2.2781356441       -2.8847035343
H          1.0160027952       -4.6519750280       -3.5168523969
C         -4.2674275078       -0.3671490969       -0.8623027834
C         -4.3256917971        0.9067168715       -1.3991852459
C         -3.1756084618        1.5021230166       -1.8917799633
C         -1.9656163809        0.8372732067       -1.8296688238
H         -5.2678557785        1.4305897088       -1.4344401469
H         -5.1533302270       -0.8501743313       -0.4792901624
H         -3.2177851610        2.4913568377       -2.3215743351
H         -1.0666802157        1.2965812783       -2.2129002745
C         -1.5506269261        0.6647382352        1.5723228497
C         -2.8079178467        1.1429607029        1.9472309697
S         -3.4441284364        2.7040044571        1.4063096136
C         -2.0476756164        3.3865526027        0.5543954516
C         -0.8899991154        2.6545378362        0.2764639751
C         -1.1553939668       -0.5623254627        2.1099929409
C         -1.9832488517       -1.2968406308        2.9386011526
C         -3.2367996511       -0.8214308705        3.2716051796
C         -3.6352659271        0.4085750865        2.7796417352
H         -1.6411566751       -2.2478586019        3.3166625505
H         -0.1799983129       -0.9533418013        1.8685001045
H         -3.8963511445       -1.3905279488        3.9069769049
H         -4.6028382546        0.8173203477        3.0306771383
C          0.0922720712        3.2940434466       -0.4842556465
C         -0.0549729929        4.5970107843       -0.9227315133
C         -1.1939204786        5.3147771415       -0.6104884739
C         -2.1880595810        4.6965570666        0.1264520964
H          0.7299447787        5.0466858428       -1.5112014676
H          0.9859896286        2.7527616223       -0.7482219137
H         -3.1007821170        5.2189884927        0.3709562340
H         -1.3176837525        6.3337520145       -0.9405163414
