C          6.6840591662        0.6024664440       -0.0601520353
C          6.0480958109        0.2374287509        1.1194782003
C          4.6700958013        0.1720892027        1.1682424053
C          3.9069067985        0.4629777430        0.0396359175
C          4.5517733268        0.8264528735       -1.1414982650
C          5.9281389290        0.8983894608       -1.1889456418
H          4.1855389715       -0.0940812753        2.0941593547
H          3.9779574001        1.0348490270       -2.0301957340
H          6.4260603538        1.1765616826       -2.1050006700
H          6.6246333105        0.0098223130        2.0030126883
S          8.4454500516        0.7048058566       -0.1796790060
H          8.6955804552        0.3406135339        1.0741120319
N          2.5113292673        0.3837952350        0.0910190704
C          1.6422704915        1.1488966918       -0.6420720220
C          1.7935778453       -0.4770536375        0.8577104130
C          0.3516326595        0.7859502414       -0.3354117306
C          0.4560305122       -0.2725164759        0.6227694776
H          2.0082851878        1.8821836148       -1.3269320394
H          2.2547262607       -1.2043931261        1.4943517585
N         -0.8269275981        1.2313451479       -0.9217481149
N         -0.6010567019       -1.0237431385        1.1854326003
C         -0.8558937430        1.8775138169       -2.1686309592
C         -1.7378705633        1.4366968251       -3.1560932073
S         -2.8277718685        0.0716107454       -2.8190900029
C         -3.1066646783        0.4177030132       -1.1020790108
C         -2.0728203684        0.9574192274       -0.3392395145
C         -4.3381429606        0.1433327280       -0.5329656002
C         -4.5515809642        0.4139104190        0.8069890119
C         -3.5442715943        0.9892074336        1.5647190249
C         -2.3181388228        1.2726670977        0.9934471066
H         -5.5036839689        0.1787986334        1.2559810246
H         -5.1129012859       -0.2972430470       -1.1416065682
H         -1.5303951950        1.7223843614        1.5791757211
H         -3.7102951065        1.2138293420        2.6073588828
C         -1.7820095193        2.0528113746       -4.3958109073
C         -0.9484546637        3.1239654984       -4.6642216968
C         -0.1076347229        3.6041824718       -3.6741807237
C         -0.0738826634        2.9982159167       -2.4309941765
H         -0.9725762485        3.5921412314       -5.6354723718
H         -2.4649749180        1.6785446432       -5.1424811029
H          0.5177635369        4.4626671088       -3.8642445066
H          0.5453433565        3.4034573525       -1.6476423645
C         -0.9014324798       -0.8545817100        2.5345951479
C         -2.0027667919       -1.4518419036        3.1539372594
S         -3.1996990518       -2.4222898323        2.2778892419
C         -2.4552079072       -2.5557112896        0.6773830024
C         -1.2765484126       -1.8922526983        0.3300757560
C         -0.0931665479       -0.0425094604        3.3346505479
C         -0.3481821654        0.1452562572        4.6804939968
C         -1.4245357799       -0.4795678899        5.2812731156
C         -2.2497241280       -1.2736595896        4.5054140416
H          0.3024018685        0.7856551331        5.2560150022
H          0.7460475412        0.4640342929        2.8868400100
H         -1.6304995979       -0.3467372853        6.3312504267
H         -3.1122562067       -1.7603197630        4.9355040030
C         -0.7702780960       -2.1321491970       -0.9494094328
C         -1.4257804850       -2.9478843507       -1.8528674217
C         -2.6101440382       -3.5665113780       -1.5023447787
C         -3.1103062876       -3.3740240553       -0.2270060776
H         -1.0047156333       -3.0904809390       -2.8360940447
H          0.1554376422       -1.6651672757       -1.2452821772
H         -4.0249664018       -3.8551248331        0.0864304376
H         -3.1373818122       -4.1947352858       -2.2023039944
