C          6.7322353957       -0.2776802745        0.4923988666
C          5.9381439393        0.1448292744        1.5509081312
C          4.5684750834        0.2222594823        1.3974419846
C          3.9724843597       -0.1141608201        0.1843385546
C          4.7752300627       -0.5318564370       -0.8754247959
C          6.1431942104       -0.6157986709       -0.7208219039
H          3.9582944370        0.5296713584        2.2317169556
H          4.3313500179       -0.7758182237       -1.8271173282
H          6.7643542230       -0.9379838423       -1.5422301636
H          6.3842565944        0.4059265769        2.4983490242
S          8.4901540952       -0.4030057175        0.6353678565
H          8.5603247480        0.0000035577        1.9002028805
N          2.5830204298       -0.0370354571        0.0344143589
C          1.8270263892       -0.8515068677       -0.7675886352
C          1.7626772420        0.8443712841        0.6636604219
C          0.5051138651       -0.4926959365       -0.6524296383
C          0.4713377989        0.6066418228        0.2643196182
H          2.2845571896       -1.6691582614       -1.2806688829
H          2.1316800649        1.6043512723        1.3221614665
N         -0.6325074175       -1.0909043640       -1.1879772991
N         -0.6883155022        1.2675362747        0.7279708488
C         -1.7940332986       -0.3262228289       -1.3647804538
C         -3.0369330230       -0.8022141433       -0.9509902881
S         -3.1423565159       -2.3780319388       -0.1436573218
C         -1.8352623764       -3.1899149434       -1.0352503477
C         -0.7253115507       -2.4625867528       -1.4697086880
C         -1.9430461772       -4.5463816411       -1.2933032782
C         -0.9451722305       -5.1998998474       -1.9941023184
C          0.1339280546       -4.4798267331       -2.4768825653
C          0.2334697450       -3.1216330728       -2.2334026071
H         -1.0235610380       -6.2596201321       -2.1781583975
H         -2.8081604180       -5.0794108680       -0.9303268633
H          1.0476326002       -2.5593810258       -2.6573468876
H          0.8981193348       -4.9726900600       -3.0576583256
C         -4.1834384944       -0.0513370304       -1.1439724726
C         -4.1003817118        1.1908125918       -1.7481304999
C         -2.8737259065        1.6654382615       -2.1829098006
C         -1.7317975144        0.9070318239       -2.0069635850
H         -4.9916032812        1.7848462354       -1.8751206736
H         -5.1292044440       -0.4373711450       -0.7952764345
H         -2.8025651049        2.6323021752       -2.6570624449
H         -0.7734733048        1.2724470943       -2.3443974894
C         -1.5115448341        0.5481481819        1.5927647985
C         -2.7969532277        0.9596837612        1.9503300622
S         -3.5218490845        2.4610081491        1.3537487574
C         -2.1321651935        3.2433094213        0.5802000748
C         -0.9295638724        2.5784249494        0.3260359345
C         -1.0519672595       -0.6483347341        2.1478885419
C         -1.8414885711       -1.4132858691        2.9861034980
C         -3.1186217968       -0.9990005602        3.3121426287
C         -3.5841072567        0.1971838988        2.7965569214
H         -1.4505346057       -2.3392779085        3.3788023335
H         -0.0567652429       -0.9897710543        1.9117324227
H         -3.7473480438       -1.5916722126        3.9571178528
H         -4.5748244201        0.5543068828        3.0356796665
C          0.0475162790        3.2871037476       -0.3769300620
C         -0.1511193179        4.5921751018       -0.7880753370
C         -1.3363472219        5.2424715911       -0.5014080382
C         -2.3236549485        4.5560722553        0.1826386499
H          0.6304586446        5.0972709434       -1.3345387351
H          0.9772554755        2.7989471168       -0.6187873298
H         -3.2701857898        5.0252455291        0.4054073367
H         -1.5004867181        6.2621679660       -0.8110739003
