C          0.0286317656        4.5467935377       -0.4684522165
C          1.2344948117        5.2485287672       -0.4624031056
C          1.2469951772        6.6230505752       -0.5595962511
C          0.0457995882        7.3180725954       -0.6651520852
C         -1.1633671810        6.6264059926       -0.6736447577
C         -1.1706233477        5.2529745626       -0.5761110073
S         -0.0012268940        9.0742177533       -0.7913573252
C          0.0217465144        3.0914941405       -0.3638157008
N          1.1938946960        2.4655186938       -0.2634758183
C          1.1421293412        1.1365468502       -0.1884956897
N          0.0108778669        0.4337175496       -0.2117843463
C         -1.1157695191        1.1400900262       -0.2885247085
N         -1.1564472908        2.4691267713       -0.3682429974
C         -2.3801892830        0.4113909216       -0.2688103770
C         -2.3887847922       -0.9830129704       -0.3151325907
C         -3.5788951188       -1.6754971862       -0.2755749138
C         -4.7884964326       -0.9862706796       -0.1754426250
C         -4.7832191067        0.4087883839       -0.1336179038
C         -3.5914371022        1.0984079088       -0.1856280563
C          2.3974724885        0.4035606644       -0.0580956440
C          3.5993537676        1.0861784256        0.1304170715
C          4.7796082626        0.3922901376        0.2858776442
C          4.7834593140       -1.0027824430        0.2448163439
C          3.5846784709       -1.6876531918        0.0397231492
C          2.4050612487       -0.9908946352       -0.1034581459
N         -5.9925139728       -1.6894166158       -0.1099288075
C         -7.1339634204       -1.4204591730       -0.8444135237
C         -8.1432510030       -2.3457982375       -0.4941891311
C         -7.5794149697       -3.2079565052        0.5073975258
C         -6.2509377216       -2.7720077291        0.7129233774
N          5.9746667722       -1.7102990874        0.4147312616
C          6.1562876622       -2.7947408672        1.2554553120
C          7.4954008400       -3.2370417213        1.1642401617
C          8.1472583283       -2.3769719812        0.2156929369
C          7.1762192755       -1.4464539397       -0.2187918051
C         -9.3839687852       -2.2924224770       -1.1154542857
C         -9.5990435039       -1.3289050807       -2.0808544532
C         -8.5891770516       -0.4395307914       -2.4408882201
C         -7.3463889003       -0.4741176140       -1.8366980750
C         -5.4437824071       -3.3695963327        1.6704339794
C         -5.9668508210       -4.4305566572        2.3855634786
C         -7.2651896146       -4.8858776434        2.1679647745
C         -8.0836198679       -4.2757477568        1.2381784211
C          7.9298132808       -4.3079375281        1.9342357086
C          7.0316347069       -4.9147721055        2.7895776319
C          5.7216438677       -4.4531791030        2.8955349518
C          5.2670408070       -3.3890744720        2.1394552988
C          7.4775225202       -0.5006394241       -1.1883160654
C          8.7676389518       -0.4719225694       -1.6838316335
C          9.7385902869       -1.3664848491       -1.2394830700
C          9.4368862846       -2.3294277220       -0.2969642961
H          2.1569249900        4.6962999773       -0.3811079577
H          2.1858363061        7.1559528303       -0.5537121010
H         -2.0886729990        7.1759598057       -0.7570190446
H         -2.0994090557        4.7056711525       -0.5825045076
H          1.3146310193        9.2622938937       -0.7411899841
H         -1.4490162129       -1.5058759800       -0.3916927305
H         -3.5844599146       -2.7525869758       -0.3390869845
H         -5.7162137843        0.9416720993       -0.0348153843
H         -3.5758830184        2.1757972866       -0.1437789582
H          3.5839243535        2.1635538254        0.1709481941
H          5.7024177192        0.9216538783        0.4658103351
H          3.5917836002       -2.7647873813       -0.0229642970
H          1.4736558123       -1.5103935087       -0.2616075221
H        -10.1589172940       -2.9949653991       -0.8491868032
H        -10.5576066565       -1.2673604215       -2.5737673421
H         -8.7797127419        0.2913638895       -3.2125263495
H         -6.5660002530        0.2063622020       -2.1404444116
H         -4.4442479199       -3.0127764453        1.8650139041
H         -5.3557977606       -4.9143167436        3.1329067443
H         -7.6360311722       -5.7199065633        2.7445654564
H         -9.0966893963       -4.6141772699        1.0828348180
H          8.9507882905       -4.6513593743        1.8659460507
H          7.3475300685       -5.7511510002        3.3947982199
H          5.0463663393       -4.9345264558        3.5870930727
H          4.2561923074       -3.0275705711        2.2479269945
H          6.7292630980        0.1835968243       -1.5573650381
H          9.0271665921        0.2582619084       -2.4357614396
H         10.7361183953       -1.3095928686       -1.6485160010
H         10.1826707414       -3.0360736022        0.0339156110
