C          0.0287795974        4.5406875557       -0.6598325708
C          1.2376639285        5.2299913897       -0.7608380645
C          1.2544538045        6.5816763268       -1.0282756469
C          0.0546166761        7.2660926432       -1.1989295039
C         -1.1576328687        6.5871525309       -1.0982159342
C         -1.1692202573        5.2365039142       -0.8309012629
S          0.0131269573        8.9927763614       -1.5436482960
C          0.0175818844        3.1093149673       -0.3779331852
N          1.1887161654        2.4910799284       -0.2290055400
C          1.1312983094        1.1925329253        0.0614658041
N         -0.0045851953        0.5128405632        0.2092169802
C         -1.1272843317        1.1968466886       -0.0048454032
N         -1.1625097031        2.4957546416       -0.2971767962
C         -2.3917770345        0.4704551721        0.0629933583
C         -2.4161530691       -0.8619146018        0.4761460502
C         -3.6018696057       -1.5629462108        0.5028780325
C         -4.7892866167       -0.9446120121        0.1097705542
C         -4.7705029034        0.3917724887       -0.2911683221
C         -3.5834160253        1.0912546348       -0.3117940441
C          2.3868117280        0.4613967830        0.2043276107
C          3.5999354011        1.0738648116       -0.1103660992
C          4.7808765711        0.3696054902       -0.0193357454
C          4.7715948605       -0.9631721202        0.3936928248
C          3.5617437908       -1.5729754703        0.7271140050
C          2.3824567259       -0.8673091545        0.6297051573
N         -5.9875449027       -1.6621717890        0.1054939105
C         -6.8790875240       -1.7343394411       -0.9498078779
C         -7.9548096306       -2.5796088636       -0.5951285038
C         -7.6972781198       -3.0295026142        0.7449819696
C         -6.4704407963       -2.4470691293        1.1366049721
N          5.9650495204       -1.6856903327        0.4608012405
C          6.3878012315       -2.4630536172        1.5235015831
C          7.6311462284       -3.0544461560        1.2039633055
C          7.9626704535       -2.6182998830       -0.1243712528
C          6.9116720165       -1.7718090733       -0.5442692188
C         -8.9716265570       -2.8314011863       -1.5068597018
C         -8.8982993476       -2.2491816810       -2.7567993633
C         -7.8209230828       -1.4382272118       -3.1065528455
C         -6.7977648982       -1.1728691774       -2.2159774192
C         -5.9575404304       -2.6471628310        2.4101736777
C         -6.6673481990       -3.4634921844        3.2705719033
C         -7.8643968811       -4.0624038253        2.8842772445
C         -8.3927888969       -3.8460214229        1.6270074227
C          8.2741077210       -3.8657104770        2.1296265946
C          7.6776065942       -4.0680818456        3.3584386034
C          6.4643528282       -3.4604278606        3.6740912704
C          5.8059659294       -2.6490509211        2.7692770021
C          6.9013321861       -1.2219415472       -1.8180801473
C          7.9696509425       -1.5001155019       -2.6497632970
C          9.0227524609       -2.3123263850       -2.2350074475
C          9.0258960813       -2.8830302725       -0.9776308574
H          2.1589370804        4.6866332647       -0.6249230215
H          2.1955718866        7.1050716839       -1.1044109890
H         -2.0819016268        7.1286229430       -1.2311969225
H         -2.1005357827        4.6996402220       -0.7493048861
H          1.3306029724        9.1762386580       -1.5435003107
H         -1.4898101514       -1.3345103403        0.7605605522
H         -3.6156983148       -2.6001282491        0.8003550867
H         -5.6937173650        0.8758720082       -0.5700645386
H         -3.5572406236        2.1246332615       -0.6186512283
H          3.5950537829        2.1044499408       -0.4273171043
H          5.7202016195        0.8470555308       -0.2520186490
H          3.5545479999       -2.6074451481        1.0341414317
H          1.4398662784       -1.3334368655        0.8676313973
H         -9.7963968652       -3.4751366423       -1.2415857551
H         -9.6787614659       -2.4310482026       -3.4802829000
H         -7.7812313977       -1.0109550521       -4.0974398264
H         -5.9578557028       -0.5601134379       -2.5052496961
H         -5.0414396139       -2.1727124416        2.7267653099
H         -6.2872804753       -3.6374256194        4.2661849328
H         -8.3879869013       -4.6956613829        3.5846159455
H         -9.3290959681       -4.2953906478        1.3330125803
H          9.2227180949       -4.3219005008        1.8907057543
H          8.1595399179       -4.6971040462        4.0917325669
H          6.0302691721       -3.6235036488        4.6492529690
H          4.8763545396       -2.1678136084        3.0316126514
H          6.0810591048       -0.6085183157       -2.1578291461
H          7.9854060456       -1.0822227421       -3.6453057807
H          9.8401362367       -2.5044398248       -2.9136873765
H          9.8320689932       -3.5278124860       -0.6624063087
