C         -0.0106743197        4.4248970095        0.9300882754
C         -1.2150123793        5.1166764477        1.0623093691
C         -1.2221626059        6.4628234637        1.3569054295
C         -0.0171036543        7.1389803518        1.5234821982
C          1.1906794827        6.4573039666        1.3924365655
C          1.1925685613        5.1121433125        1.0986836505
S          0.0367765801        8.8583337156        1.9016764815
C         -0.0088518643        2.9989317067        0.6215271014
N          1.1665787127        2.3765092545        0.5467762000
C          1.1237389984        1.0767799997        0.2583664763
N         -0.0040714560        0.3941093238        0.0671139719
C         -1.1343188447        1.0920757645        0.1677956943
N         -1.1823023401        2.3965964739        0.4331880460
C         -2.3974361455        0.3844129478       -0.0195190049
C         -3.6033026887        1.0859474330       -0.0312005936
C         -4.7976503472        0.4189122867       -0.1953761148
C         -4.8098592648       -0.9679098805       -0.3495209222
C         -3.6051084108       -1.6720129019       -0.3431251038
C         -2.4124743536       -1.0013324570       -0.1804312110
C          2.3900357199        0.3592906326        0.1453906113
C          2.4119511862       -0.9778765375       -0.2518958772
C          3.6080885903       -1.6525543820       -0.3657889407
C          4.8095479655       -1.0013887710       -0.0834076098
C          4.7905617317        0.3352932475        0.3169979181
C          3.5928567167        1.0067071188        0.4292704537
N         -6.0201802013       -1.6473344741       -0.5044318450
C         -6.4144956986       -2.7679933220        0.2044818763
C         -7.7053025935       -3.1579875819       -0.2188655061
C         -8.0997013277       -2.2277230667       -1.2404044770
C         -7.0351560165       -1.3086990173       -1.3811081154
N          6.0238332670       -1.6806406059       -0.2028111980
C          6.4267636877       -2.4348436956       -1.2903993664
C          7.7222093160       -2.9461725250       -1.0496153221
C          8.1106947780       -2.4809548004        0.2531293711
C          7.0379490190       -1.6988745459        0.7379301273
C         -8.3299652405       -4.2505555533        0.3681460029
C         -7.6680798698       -4.9304941921        1.3712564316
C         -6.4070681553       -4.5227823753        1.8005551853
C         -5.7657015841       -3.4388089992        1.2312206334
C         -7.0816076501       -0.3012027297       -2.3339873445
C         -8.2179267516       -0.2032450607       -3.1148593373
C         -9.2831183747       -1.0884225381       -2.9646410865
C         -9.2313780784       -2.1094714365       -2.0364939859
C          8.3556482022       -3.7198526447       -2.0132516846
C          7.6976698658       -3.9643527748       -3.2023475212
C          6.4318614497       -3.4342206918       -3.4417477595
C          5.7818063845       -2.6616267340       -2.4977599881
C          7.0771841589       -1.1400392582        2.0073378260
C          8.2148210017       -1.3410341654        2.7662329878
C          9.2883002361       -2.0874263986        2.2853567532
C          9.2436004410       -2.6691999601        1.0338727140
H         -2.1404820949        4.5790936789        0.9321472840
H         -2.1598604296        6.9880930625        1.4581162707
H          2.1190926267        6.9922065266        1.5230824157
H          2.1202762279        4.5731212892        0.9937654760
H         -1.2797495641        9.0470647260        1.9241329135
H         -3.5828003323        2.1560820409        0.0986066813
H         -5.7308592409        0.9605099015       -0.1824785439
H         -3.6139452141       -2.7416599135       -0.4853531127
H         -1.4754824005       -1.5347948395       -0.1783129814
H          1.4774246769       -1.4726272478       -0.4626823182
H          3.6219956031       -2.6922591349       -0.6541912562
H          5.7212023722        0.8439664196        0.5158202367
H          3.5672641710        2.0419059662        0.7296589271
H         -9.3149927752       -4.5540678328        0.0477490812
H         -8.1349616245       -5.7837779426        1.8398242913
H         -5.9210809851       -5.0627847558        2.5994234341
H         -4.7979345891       -3.1199744418        1.5865768545
H         -6.2544550762        0.3776494242       -2.4736467022
H         -8.2792008317        0.5745993821       -3.8612928884
H        -10.1546191868       -0.9772132402       -3.5921638142
H        -10.0483084040       -2.8071448082       -1.9319623575
H          9.3442751606       -4.1142471613       -1.8340817307
H          8.1713809350       -4.5648926397       -3.9642885887
H          5.9489361083       -3.6271670338       -4.3880655123
H          4.8103759283       -2.2391232213       -2.7033446446
H          6.2438457242       -0.5771479823        2.3988023327
H          8.2705688304       -0.9130323136        3.7560202605
H         10.1607103429       -2.2190238397        2.9076150347
H         10.0670027134       -3.2633223481        0.6677459045
