C         -0.0119455544        4.4415843311        0.9278611459
C          1.1887891809        5.1308538252        1.1002027446
C          1.1893836135        6.4807918487        1.3769512739
C         -0.0187387070        7.1632598916        1.4856631904
C         -1.2229419339        6.4838916071        1.3154886628
C         -1.2183091521        5.1350589109        1.0390699381
S         -0.0809589477        8.8879447510        1.8372943029
C         -0.0066660250        3.0125447839        0.6339455260
N          1.1700851939        2.3912627663        0.5645546152
C          1.1286593355        1.0902222862        0.2818542462
N          0.0017162811        0.4047687724        0.0957443061
C         -1.1296026007        1.1009098894        0.1944483947
N         -1.1791859435        2.4071516519        0.4501619509
C         -2.3911561037        0.3893510719        0.0117234511
C         -3.5974881479        1.0894494533       -0.0173242588
C         -4.7895438509        0.4191484226       -0.1848392473
C         -4.7988015341       -0.9692347863       -0.3245610249
C         -3.5938729965       -1.6723848477       -0.2961942198
C         -2.4034659499       -0.9984230582       -0.1308392055
C          2.3943104555        0.3719305442        0.1659040524
C          2.4125672199       -0.9582572424       -0.2545226358
C          3.6063332767       -1.6355287880       -0.3754271572
C          4.8089683408       -0.9945865446       -0.0753944844
C          4.7937431432        0.3344270683        0.3495804909
C          3.5981513612        1.0092642480        0.4671297619
N         -6.0067647191       -1.6502820255       -0.4903545300
C         -6.4125703433       -2.7650927112        0.2210672614
C         -7.6952264261       -3.1601826239       -0.2220091595
C         -8.0718540366       -2.2396729126       -1.2589940614
C         -7.0057703653       -1.3208738547       -1.3886105347
N          6.0199253501       -1.6787129504       -0.2023490478
C          6.4202345122       -2.4174856439       -1.3012789282
C          7.7050210544       -2.9546781458       -1.0598918354
C          8.0888425271       -2.5227877051        0.2556493062
C          7.0245926872       -1.7330091388        0.7468728597
C         -8.3292580283       -4.2482842800        0.3632344074
C         -7.6847161728       -4.9188202579        1.3838426274
C         -6.4318302564       -4.5062172766        1.8318975101
C         -5.7813794000       -3.4264937830        1.2647499062
C         -7.0351716201       -0.3224814195       -2.3516731014
C         -8.1567022473       -0.2330956418       -3.1545801716
C         -9.2237183137       -1.1179424084       -3.0158616729
C         -9.1885391119       -2.1300612695       -2.0772038911
C          8.3341259332       -3.7190289361       -2.0338058679
C          7.6826857505       -3.9283735831       -3.2331750474
C          6.4278297960       -3.3726862917       -3.4725067044
C          5.7821790838       -2.6089271248       -2.5184086746
C          7.0612333130       -1.2004163389        2.0275515681
C          8.1877012604       -1.4368349982        2.7928619322
C          9.2526450019       -2.1921721978        2.3069462890
C          9.2105105836       -2.7468310585        1.0431088523
H          2.1167064142        4.5890768728        1.0114258937
H          2.1243247435        7.0043969027        1.5079400571
H         -2.1537706296        7.0234740173        1.4024285647
H         -2.1432238615        4.5973251442        0.9065102502
H          1.2343525280        9.0725648933        1.9096425502
H         -3.5793435921        2.1611142808        0.1001814194
H         -5.7233633081        0.9598807404       -0.1870859741
H         -3.6005220684       -2.7437514893       -0.4248155124
H         -1.4660019608       -1.5308049529       -0.1133590424
H          1.4769913377       -1.4450545861       -0.4787066306
H          3.6176614989       -2.6696720306       -0.6833863025
H          5.7256015727        0.8348331660        0.5631637752
H          3.5752310341        2.0390863306        0.7856234258
H         -9.3080806215       -4.5556446707        0.0278699911
H         -8.1591535290       -5.7684844282        1.8513894929
H         -5.9596478646       -5.0389633937        2.6438063355
H         -4.8202231088       -3.1036599703        1.6341627791
H         -6.2061612145        0.3559859667       -2.4820945423
H         -8.2045418954        0.5375963956       -3.9093790134
H        -10.0833387336       -1.0135850504       -3.6606783095
H        -10.0066876491       -2.8275544324       -1.9814675669
H          9.3144469835       -4.1335597604       -1.8544423536
H          8.1531391129       -4.5211696919       -4.0031847613
H          5.9501968563       -3.5384404191       -4.4266416105
H          4.8193244622       -2.1666953130       -2.7230471671
H          6.2339116068       -0.6310496090        2.4223712176
H          8.2412003805       -1.0303796239        3.7918101495
H         10.1161903318       -2.3524119926        2.9348362149
H         10.0270984993       -3.3476327797        0.6726064164
