C          3.1954606246       -0.0037987778        0.1911738298
C          3.8804542374       -1.2108346922        0.3334100523
C          5.2317981070       -1.2157809314        0.6036502177
C          5.9234285261       -0.0096118053        0.7387661999
C          5.2367760718        1.1994633346        0.6044489462
C          3.8853909981        1.2002989195        0.3341799441
C          7.3114955873       -0.0132280061        1.0133703415
C          8.4901587703       -0.0171126630        1.2443859623
C          1.7629269642       -0.0013775711       -0.1057729477
N          1.1530611801       -1.1738885762       -0.2236138821
C         -0.1533056239       -1.1225253233       -0.4996639072
N         -0.8509317598        0.0011753565       -0.6760305928
C         -0.1490542658        1.1235793427       -0.5074473406
N          1.1572964817        1.1726820738       -0.2310317072
N         -0.8025699896        2.3134262298       -0.5790433289
C         -2.2113396819        2.3963462310       -0.6757448801
C         -2.8793397093        3.2379138925        0.2163940203
O         -2.1883506600        4.0225172107        1.1102016555
C         -0.8985395209        4.3257788750        0.7398134691
C         -0.1843182189        3.5111532902       -0.1415853585
N         -0.8102953906       -2.3111060462       -0.5617378104
C         -2.2199033229       -2.3921569858       -0.6481801509
C         -2.8825741012       -3.2330036962        0.2487924153
O         -2.1869927542       -4.0182150615        1.1383835071
C         -0.8991621796       -4.3213419137        0.7617259386
C         -0.1901111428       -3.5082349974       -0.1251860549
C         -0.3244855591        5.4811089756        1.2477482822
C          0.9567891859        5.8356432533        0.8638638557
C          1.6465156830        5.0602248973       -0.0520253458
C          1.0763359876        3.9056655272       -0.5616746126
C         -2.9349766487        1.7147574760       -1.6393672070
C         -4.3157088083        1.8086298759       -1.6642530482
C         -4.9791963506        2.5905069559       -0.7351511782
C         -4.2627350890        3.3224259916        0.1956160374
C         -0.3218608182       -5.4752934819        1.2692017952
C          0.9576740630       -5.8299779422        0.8797616959
C          1.6419998051       -5.0564792464       -0.0417867526
C          1.0682838939       -3.9036732380       -0.5513742121
C         -2.9502469928       -1.7085882082       -1.6053669095
C         -4.3312915093       -1.8004641310       -1.6197371407
C         -4.9888447580       -2.5826575900       -0.6867350698
C         -4.2661755527       -3.3160058760        0.2380854385
H          3.3311657482       -2.1338889238        0.2332346090
H          5.7647593720       -2.1483212649        0.7134652523
H          5.7735254598        2.1297166635        0.7152949289
H          3.3400340839        2.1256779875        0.2343558369
H          9.5194112845       -0.0210264399        1.4476479445
H         -0.8944989279        6.0787697361        1.9405973517
H          1.4064836127        6.7273478885        1.2702486689
H          2.6343614397        5.3502967889       -0.3728403036
H          1.6082441174        3.2941950017       -1.2706407358
H         -2.4054465507        1.1139261755       -2.3576248140
H         -4.8718824873        1.2722785422       -2.4152287555
H         -6.0555099051        2.6515786388       -0.7447228195
H         -4.7518418271        3.9640673156        0.9106123294
H         -0.8880527102       -6.0716939821        1.9662643584
H          1.4100835403       -6.7202836902        1.2861906122
H          2.6283644222       -5.3466094994       -0.3671016646
H          1.5960040910       -3.2941313471       -1.2651269356
H         -2.4258889017       -1.1068968803       -2.3264961385
H         -4.8924250114       -1.2619495709       -2.3654160323
H         -6.0652623585       -2.6425522821       -0.6883389717
H         -4.7505352901       -3.9575200574        0.9564440142
