C          3.1942672689        0.0234789262        0.2324525098
C          3.9115809133       -1.1690724782        0.1366474570
C          5.2864173123       -1.1475165362        0.0531299671
C          5.9643953378        0.0688228505        0.0627958674
C          5.2568820316        1.2630446407        0.1579135046
C          3.8810755912        1.2368576135        0.2419939942
S          7.7231745950        0.0404004791       -0.0502497421
C          1.7356093505        0.0022007652        0.3181777376
N          1.1046976373        1.1666172024        0.4147185609
C         -0.2267880716        1.0940492343        0.4975035989
N         -0.9327750846       -0.0369209052        0.4922084527
C         -0.2023240404       -1.1454098277        0.3712800340
N          1.1308782804       -1.1793325403        0.2886425125
N         -0.8523075421       -2.3320009401        0.2747496600
C         -0.1404821856       -3.5297428928        0.0361487533
C         -0.5223629941       -4.3625582685       -1.0118223732
S         -1.9003911710       -3.9213001146       -2.0378261571
C         -2.8817286100       -3.1082986487       -0.8042626333
C         -2.2619431271       -2.4090602817        0.2279361362
N         -0.9039014875        2.2683153912        0.5406311957
C         -2.3155134033        2.3149962489        0.5332574130
C         -2.9763261948        3.1042704525       -0.4039839058
S         -2.0430105596        4.0687681008       -1.5631813257
C         -0.6524191789        4.4333412184       -0.5234443156
C         -0.2260123328        3.5028615574        0.4201631533
C          0.9190306960       -3.9088578195        0.8498840576
C          1.6159464439       -5.0745155174        0.5872642326
C          1.2469804425       -5.8854216498       -0.4742351387
C          0.1693994911       -5.5372544643       -1.2670676099
C         -4.2645469609       -3.1844804418       -0.8728563932
C         -5.0343969351       -2.5711349692        0.0978282599
C         -4.4228853703       -1.9096100865        1.1501454739
C         -3.0437986508       -1.8364671826        1.2209100376
C          0.0043488031        5.6468192063       -0.6637837640
C          1.0911062121        5.9361817152        0.1401562689
C          1.5042699185        5.0256123117        1.0996303764
C          0.8424411790        3.8200466396        1.2485152931
C         -3.0587603532        1.6230718001        1.4787411027
C         -4.4404078657        1.6702091073        1.4486845202
C         -5.0928530384        2.4227679656        0.4858274616
C         -4.3617894849        3.1531766133       -0.4324057208
H          3.3711764254       -2.1026971806        0.1254741055
H          5.8460457934       -2.0675100547       -0.0224623568
H          5.7796289198        2.2076424067        0.1639992965
H          3.3157440144        2.1531118480        0.3120899241
H          7.8961674992        1.3586014770       -0.0128904807
H          1.2007381566       -3.2715350088        1.6723792864
H          2.4471464415       -5.3500322067        1.2170579549
H          1.7912865664       -6.7931251222       -0.6806108429
H         -0.1415032655       -6.1597760059       -2.0911989222
H         -4.7194025582       -3.7219494137       -1.6899741361
H         -6.1097021002       -2.6238867169        0.0387508245
H         -5.0207422504       -1.4564167228        1.9240345811
H         -2.5566894088       -1.3304237479        2.0373604017
H         -0.3408655487        6.3461033513       -1.4088987331
H          1.6077251739        6.8753659279        0.0225931876
H          2.3423342950        5.2540376829        1.7390299297
H          1.1581982570        3.1054529325        1.9911508545
H         -2.5394108496        1.0473879778        2.2266215732
H         -5.0080738541        1.1256883561        2.1856784268
H         -6.1702133333        2.4552545526        0.4576052433
H         -4.8492553148        3.7623987339       -1.1771826545
