C          2.5021273183       -0.0293979601        0.0474857933
C          3.1952787622       -1.2390710371        0.0531499272
C          4.5724264589       -1.2476912851        0.0673308312
C          5.2898214249       -0.0476041986        0.0956255057
C          4.5899378467        1.1632701936        0.0850684112
C          3.2119564775        1.1701337272        0.0541654789
C          6.7443146005       -0.0950570491        0.0876909601
S          7.5782605957       -1.2572743214       -0.7218622104
S          7.6476257908        1.1244267324        0.9513815868
C          1.0354459689       -0.0170251183        0.0226043508
N          0.4324159408        1.1542556967        0.1685400475
C         -0.9057087234        1.1158772907        0.1570536033
N         -1.6226414613        0.0097260917       -0.0313420739
C         -0.9207414963       -1.1109498422       -0.1883187430
N          0.4155659532       -1.1764565829       -0.1451777135
N         -1.6047426876       -2.2679657198       -0.3695856152
C         -0.9676977734       -3.5315271033       -0.3179642130
C         -1.6038484586       -4.5498868340        0.3968318844
O         -2.8409862841       -4.3640235243        0.9655875467
C         -3.6034473023       -3.3705200212        0.3989680555
C         -3.0186311448       -2.3185258957       -0.3101663698
N         -1.5718018348        2.2866076538        0.3139150410
C         -2.9798400752        2.3704737741        0.1895034026
C         -3.5066861265        3.4408855992       -0.5375101308
O         -2.6964794724        4.4201591963       -1.0605762264
C         -1.4825971523        4.5730132754       -0.4345311478
C         -0.9038899520        3.5353217138        0.3007282413
C         -4.9814691413       -3.4492497507        0.5288178589
C         -5.7821616389       -2.4922210362       -0.0694275832
C         -5.2097264008       -1.4805115792       -0.8204916574
C         -3.8336534745       -1.3947415778       -0.9461999637
C          0.2361522911       -3.8006345760       -0.9517751986
C          0.8322150776       -5.0429079189       -0.8120810081
C          0.2243215313       -6.0305986992       -0.0568654189
C         -1.0041463645       -5.7924207394        0.5335244776
C         -0.8485316575        5.8020330195       -0.5340247179
C          0.3563240508        6.0074280549        0.1143907046
C          0.9054492886        5.0007499320        0.8893288574
C          0.2752210734        3.7717956879        0.9915722480
C         -3.8447692359        1.4614305585        0.7791566046
C         -5.2111699925        1.5803371396        0.5904861843
C         -5.7246196466        2.6107448224       -0.1775614486
C         -4.8750219632        3.5529575128       -0.7300943766
H          2.6362420666       -2.1612249403        0.0482480770
H          5.1152910101       -2.1806365851        0.0717364454
H          5.1254225827        2.1003327156        0.0509447452
H          2.6643211095        2.0988145585        0.0279290932
H          6.6201229679        1.7050394072        1.5759387110
H         -5.3995140679       -4.2631438647        1.0987673355
H         -6.8531517066       -2.5507906447        0.0397184965
H         -5.8297369735       -0.7479561114       -1.3113019622
H         -3.3866659770       -0.6006779517       -1.5191126235
H          0.7081562894       -3.0289945786       -1.5353885717
H          1.7763588210       -5.2342767236       -1.2968511393
H          0.6949720674       -6.9933790946        0.0614394848
H         -1.5139834935       -6.5500446760        1.1063265092
H         -1.3139128241        6.5750073887       -1.1239289298
H          0.8536253505        6.9598723968        0.0252018433
H          1.8294658379        5.1677332466        1.4193738327
H          0.7007960649        2.9848399224        1.5900911790
H         -3.4436014453        0.6526170763        1.3651294276
H         -5.8700136944        0.8587142165        1.0456104544
H         -6.7877509657        2.6952663792       -0.3356521578
H         -5.2472287989        4.3805130195       -1.3120647751
