C          2.4600677898       -0.0297613768        0.2640367596
C          3.1137436912       -1.2518673670        0.4142283985
C          4.4904847315       -1.3118494862        0.3934178414
C          5.2450002149       -0.1493452233        0.2043106313
C          4.5827944905        1.0694097995        0.0264063268
C          3.2074108254        1.1301555189        0.0653069454
C          6.6984836055       -0.1785408498        0.1380808559
S          7.5498644505        0.8103244650       -0.8614671461
S          7.5802004939       -1.3056650738        1.1385703802
C          0.9951781434        0.0284486957        0.3073891875
N          0.4218794127        1.2244215086        0.2683853571
C         -0.9132363866        1.2192449190        0.3377970170
N         -1.6657392608        0.1178460801        0.3919652418
C         -0.9938821316       -1.0306951269        0.3900617012
N          0.3433299011       -1.1208214419        0.3829971285
N         -1.6805788525       -2.2037138972        0.3622543753
C         -3.0211362734       -2.3055488310       -0.0826405426
C         -3.3496720513       -3.3734773119       -0.9244848870
O         -2.4349757825       -4.3414255980       -1.2641696508
C         -1.3693328691       -4.4734461577       -0.4088544392
C         -0.9855476826       -3.4356203297        0.4414366061
N         -1.5490039981        2.4174141677        0.3246204484
C         -0.9152590552        3.6013878311       -0.1255391386
C         -1.6147903063        4.3975615579       -1.0368907028
O         -2.8997679652        4.0930131694       -1.4222145957
C         -3.6102745104        3.3281560058       -0.5284700488
C         -2.9591458146        2.5062785985        0.3923762541
C         -0.6894509378       -5.6823356779       -0.3948353373
C          0.3643694361       -5.8673509723        0.4817722646
C          0.7121843789       -4.8618472373        1.3675953287
C          0.0349886916       -3.6547672614        1.3554884483
C         -4.0104908712       -1.4019285364        0.2706224227
C         -5.2877482955       -1.5216874502       -0.2515070130
C         -5.5967964515       -2.5573172207       -1.1143058279
C         -4.6310474622       -3.4939819027       -1.4391879959
C         -4.9942293812        3.4120592404       -0.5335474824
C         -5.7261091418        2.7002805266        0.4007780063
C         -5.0797171299        1.9430097964        1.3626526580
C         -3.6979394645        1.8520694218        1.3650865802
C          0.3425919892        3.9989780603        0.2996990329
C          0.9246521166        5.1387230946       -0.2301794879
C          0.2497572950        5.8963158990       -1.1713681518
C         -1.0280987086        5.5379548225       -1.5635254140
H          2.5225192136       -2.1448739941        0.5416210375
H          4.9804335416       -2.2706218705        0.4750350428
H          5.1677064081        1.9632800574       -0.1284662581
H          2.6918633585        2.0679794169       -0.0655249056
H          6.5539552735       -1.7368248323        1.8761370621
H         -1.0010091130       -6.4554718894       -1.0783793475
H          0.8997113569       -6.8031511605        0.4818437778
H          1.5134699337       -5.0136721802        2.0729829555
H          0.3041637734       -2.8694737048        2.0421168608
H         -3.7678776308       -0.5890465044        0.9287010091
H         -6.0357962125       -0.7943028067        0.0199427475
H         -6.5881365150       -2.6483629171       -1.5281938797
H         -4.8431850091       -4.3225963410       -2.0954697329
H         -5.4719015154        4.0368689525       -1.2706492700
H         -6.8025759859        2.7590318185        0.3886990115
H         -5.6482629700        1.4194616889        2.1146317899
H         -3.1803173945        1.2754459500        2.1148814656
H          0.8620987917        3.4019392722        1.0290813515
H          1.9099955687        5.4316161560        0.0956956447
H          0.7081174145        6.7769811377       -1.5919038461
H         -1.5861515711        6.1220577180       -2.2773202902
