C          2.4932272046        0.0008147554       -0.0395167355
C          3.1898008979       -1.1721495451       -0.3285334482
C          4.5551192552       -1.1434156258       -0.5038467241
C          5.2619917604        0.0605941956       -0.3961398615
C          4.5522339539        1.2359788088       -0.1175517652
C          3.1876904276        1.2067976977        0.0572169837
C          6.7006965136        0.1089304619       -0.5672355377
S          7.5825522028        1.4963916570       -0.4829879791
S          7.5008567885       -1.4175187497       -0.8739467765
C          1.0425095257       -0.0318802458        0.1745328006
N          0.4287914640        1.1249784552        0.3669975876
C         -0.8961151583        1.0545403996        0.5559360570
N         -1.5837586053       -0.0834718775        0.6226376161
C         -0.8701245143       -1.1922932794        0.4163241980
N          0.4435897150       -1.2158085056        0.1665194276
N         -1.5282816117       -2.3783248756        0.4319681029
C         -2.9159618199       -2.4473816409        0.6969739138
C         -3.7144433669       -3.1939996046       -0.1701870750
O         -3.1599200543       -3.9077659876       -1.2054111225
C         -1.8416543111       -4.2604762952       -1.0299319804
C         -0.9978764421       -3.5412509015       -0.1786601591
N         -1.5628792783        2.2343654122        0.6480785739
C         -2.9647522493        2.3374531223        0.4752919821
C         -3.4480101603        3.3696801116       -0.3345955187
O         -2.6098457778        4.3054104974       -0.8927399257
C         -1.4022455101        4.4661559993       -0.2592083128
C         -0.8652406282        3.4637632502        0.5503985049
C         -1.3668991144       -5.3720415280       -1.7090069540
C         -0.0564106347       -5.7786626037       -1.5288011258
C          0.7657358776       -5.0999433004       -0.6463332381
C          0.2960277694       -3.9892685473        0.0351880376
C         -3.4878572609       -1.8494265173        1.8079821783
C         -4.8567386854       -1.9185443282        2.0030710720
C         -5.6554498068       -2.5975388119        1.0988231254
C         -5.0861735143       -3.2548629886        0.0222396479
C         -0.7312420845        5.6682141660       -0.4275265719
C          0.4687095759        5.8818612177        0.2265843503
C          0.9761095192        4.9138865307        1.0763643605
C          0.3083717349        3.7132139143        1.2463536700
C         -3.8666732752        1.4714741546        1.0717754795
C         -5.2221109103        1.5877283756        0.8132834212
C         -5.6913083011        2.5832788154       -0.0245556854
C         -4.8061510342        3.4868764857       -0.5862487440
H          2.6406559101       -2.0956982005       -0.4161231774
H          5.0828637024       -2.0587189684       -0.7264850249
H          5.0910885416        2.1678723303       -0.0389279383
H          2.6368328472        2.1094256896        0.2691026640
H          8.7318546607       -0.9159922909       -0.9528069831
H         -2.0365059947       -5.8958072455       -2.3718874182
H          0.3132843043       -6.6360932302       -2.0678701786
H          1.7787338698       -5.4322609017       -0.4848037478
H          0.9284141790       -3.4529280838        0.7213038233
H         -2.8505913564       -1.3349593166        2.5091507168
H         -5.2958074945       -1.4416445450        2.8648127778
H         -6.7233283921       -2.6386060985        1.2413612987
H         -5.6822401267       -3.8198266614       -0.6759107869
H         -1.1645118657        6.4132404248       -1.0750267685
H          0.9959040436        6.8113468851        0.0833415626
H          1.8966769086        5.0893047063        1.6099922782
H          0.7009847757        2.9562410269        1.9044838697
H         -3.4992061296        0.6935553440        1.7142093922
H         -5.9064170862        0.8904385488        1.2687117996
H         -6.7453450068        2.6702089329       -0.2337116531
H         -5.1420879993        4.2861395659       -1.2269763576
