C          3.1003779916        0.0591902684        0.3319961190
C          3.7895179337        1.2716237725        0.2892794639
C          5.1525164083        1.3099077804        0.4890424578
C          5.8470104316        0.1293662794        0.7357603360
C          5.1667220581       -1.0849145557        0.7837160451
C          3.8042183697       -1.1191026257        0.5841592308
S          7.5895372279        0.1166423889        0.9959528144
C          1.6591676223        0.0277066162        0.1020776314
N          1.0550534770        1.1755268285       -0.1771960714
C         -0.2627943387        1.0988571416       -0.3792006149
N         -0.9590739964       -0.0382306909       -0.3491850366
C         -0.2682928128       -1.1341273412       -0.0591825571
N          1.0407239290       -1.1492676513        0.1862449435
N         -0.9388559429        2.2532763596       -0.6046264436
C         -2.3527827882        2.3203447257       -0.5347718921
C         -2.9182687374        3.3950371322        0.1573554619
O         -2.1470680436        4.4056069008        0.6788723397
C         -0.9039096234        4.5545323294        0.1144144916
C         -0.2811644934        3.5066904913       -0.5667408970
N         -0.9551681237       -2.3285036634       -0.0125075257
C         -2.2796217089       -2.3920021202        0.4849654790
C         -2.9597221329       -3.6157221793        0.4740477880
O         -2.3963358783       -4.7787450043        0.0203623537
C         -1.1132660609       -4.7137711597       -0.4543102164
C         -0.3731911460       -3.5259626120       -0.4932834711
C         -2.9336144837       -1.3086788808        1.0608559275
C         -4.2280120968       -1.4154443100        1.5415052901
C         -4.9030101019       -2.6184960454        1.4771681296
C         -4.2560635976       -3.7225477319        0.9525510839
C         -0.5859517586       -5.9055935387       -0.9258599363
C          0.6839932508       -5.9431607528       -1.4720969653
C          1.4096642749       -4.7713715315       -1.5594874919
C          0.8850028535       -3.5813875800       -1.0826019124
C         -0.2815804483        5.7890193953        0.2234675450
C          0.9568079298        5.9872538844       -0.3604545200
C          1.5543578872        4.9672814884       -1.0807412219
C          0.9355155029        3.7338168137       -1.1925810780
C         -3.1869915636        1.3765077094       -1.1149493488
C         -4.5584557145        1.4606176958       -0.9421309513
C         -5.1096659770        2.4972002692       -0.2100126107
C         -4.2921587344        3.4773259415        0.3245042174
H          3.2356728400        2.1776223518        0.0999188585
H          5.6761444810        2.2532690728        0.4542695894
H          5.7150757455       -1.9942232715        0.9778293820
H          3.2666796612       -2.0533793042        0.6213708442
H          7.7693269243        1.4274353001        0.8585948924
H         -2.4366336738       -0.3573873529        1.1265729762
H         -4.6989032073       -0.5428167578        1.9652100804
H         -5.9140672502       -2.7065171204        1.8396359099
H         -4.7304402828       -4.6895114430        0.9058561761
H         -1.2008647116       -6.7885042475       -0.8583267051
H          1.0898001386       -6.8740793262       -1.8330147096
H          2.3929987911       -4.7682462308       -2.0023905802
H          1.4729252639       -2.6841301087       -1.1648038493
H         -0.7821442339        6.5711821687        0.7708451956
H          1.4444575203        6.9438928823       -0.2635421408
H          2.5073545614        5.1270788408       -1.5592648753
H          1.3984247299        2.9360051539       -1.7483472589
H         -2.7572216494        0.5649074327       -1.6750922776
H         -5.1919677327        0.7058102513       -1.3792000129
H         -6.1763353425        2.5552352089       -0.0646224745
H         -4.6930157961        4.3102837344        0.8790889092
