C          3.1050028431       -0.0357536517       -0.1358705734
C          3.8340910216        1.1423812037        0.0198349753
C          5.2092663187        1.1087940219        0.1122630225
C          5.8748113491       -0.1112486077        0.0498744571
C          5.1544089153       -1.2937772517       -0.0976193565
C          3.7804133310       -1.2555440916       -0.1879512721
S          7.6313132612       -0.2153099819        0.1559262863
C          1.6484364009        0.0036531260       -0.2507280947
N          1.0584458647        1.1946490154       -0.2852925511
C         -0.2681381570        1.1715570892       -0.4301539933
N         -1.0086905793        0.0629372441       -0.5000413587
C         -0.3259615817       -1.0767075823       -0.4089855599
N          1.0058803720       -1.1546246230       -0.3148929093
N         -0.9168941015        2.3650567774       -0.4805221205
C         -2.3208876466        2.4337900532       -0.6336227301
C         -3.0394119190        3.2502252927        0.2406826096
O         -2.3957086439        4.0279969884        1.1738109225
C         -1.0933346209        4.3491658293        0.8659343739
C         -0.3288591712        3.5590101979        0.0027196040
N         -1.0102939276       -2.2529236340       -0.3726640703
C         -2.3901256709       -2.3273839022       -0.0648008524
C         -2.8055523416       -3.3071626234        0.8423518889
O         -1.9275615349       -4.2223084084        1.3736918451
C         -0.7830359251       -4.4322331192        0.6437033487
C         -0.3145955754       -3.4820117874       -0.2651702394
C         -3.3369460129       -1.4830262606       -0.6215602851
C         -4.6635009799       -1.5663175338       -0.2326151915
C         -5.0615963911       -2.5088802322        0.6978436136
C         -4.1352902957       -3.3926331846        1.2239499010
C         -0.1087324941       -5.6314019215        0.8179714330
C          1.0262252591       -5.8953036922        0.0724013540
C          1.4623894914       -4.9811234321       -0.8711049403
C          0.7904795896       -3.7836631560       -1.0474212818
C         -0.5557634754        5.4996091263        1.4219526948
C          0.7388742875        5.8740649582        1.1070499422
C          1.4801613529        5.1221373983        0.2126218645
C          0.9469926406        3.9724333705       -0.3466334980
C         -2.9884872776        1.7665358261       -1.6476408115
C         -4.3685472457        1.8393208266       -1.7329220774
C         -5.0840382179        2.5913828619       -0.8171492150
C         -4.4217172185        3.3160112031        0.1584214314
H          3.3036580774        2.0797013859        0.0732725839
H          5.7641841977        2.0269633235        0.2329625130
H          5.6807990330       -2.2352431470       -0.1399784771
H          3.2088334925       -2.1635815167       -0.2981288214
H          7.8503963760        1.0910292268        0.2766679078
H         -3.0242963498       -0.7448350448       -1.3358543430
H         -5.3805848480       -0.8844980060       -0.6604222052
H         -6.0922880889       -2.5701503504        1.0080921447
H         -4.4166195305       -4.1513535632        1.9363254860
H         -0.4875357346       -6.3342585217        1.5422633149
H          1.5572900457       -6.8219735858        0.2195043844
H          2.3304072510       -5.1957889112       -1.4739895554
H          1.1291089563       -3.0677415718       -1.7776809061
H         -1.1643783564        6.0784140838        2.0977793868
H          1.1584061559        6.7626293778        1.5508482650
H          2.4793390421        5.4274579044       -0.0542594966
H          1.5169989493        3.3783319344       -1.0398589548
H         -2.4159108014        1.1943985190       -2.3599998177
H         -4.8814315769        1.3071843093       -2.5182288665
H         -6.1598023308        2.6361101397       -0.8730629248
H         -4.9530973982        3.9367197736        0.8614982437
