C          3.1015539299       -0.0400927325       -0.1276211838
C          3.8339565966        1.1355891239        0.0366627216
C          5.2071669645        1.0910616163        0.1374575373
C          5.8695286693       -0.1321262255        0.0752793336
C          5.1468925619       -1.3105826910       -0.0820694581
C          3.7727478762       -1.2614130101       -0.1806487122
S          7.6276069278       -0.1331544286        0.2040387709
C          1.6455794470        0.0028563021       -0.2480498939
N          1.0581136921        1.1949058746       -0.2868558583
C         -0.2682235944        1.1739443666       -0.4329779132
N         -1.0110918344        0.0665411279       -0.4984353342
C         -0.3308472770       -1.0742467293       -0.4058019931
N          1.0009496918       -1.1543348010       -0.3115803276
N         -0.9148686374        2.3682967749       -0.4899450839
C         -2.3187770558        2.4381905765       -0.6437904489
C         -3.0363243942        3.2599278300        0.2263361962
O         -2.3918642753        4.0414957489        1.1557536748
C         -1.0886085507        4.3585869474        0.8477382885
C         -0.3250456144        3.5633089222       -0.0115803219
N         -1.0165160157       -2.2498425761       -0.3679451901
C         -2.3925370143       -2.3260454490       -0.0438438085
C         -2.7985587485       -3.3178472902        0.8547333301
O         -1.9165208500       -4.2417987227        1.3634044900
C         -0.7788987948       -4.4416617904        0.6201317660
C         -0.3195194103       -3.4797614441       -0.2809206851
C         -3.3449413319       -1.4711695266       -0.5746514046
C         -4.6665295690       -1.5574563732       -0.1695553197
C         -5.0548810626       -2.5133402507        0.7512942701
C         -4.1234679146       -3.4064228550        1.2520269748
C         -0.1024668116       -5.6425958307        0.7730753867
C          1.0255248025       -5.8966533395        0.0136894244
C          1.4522986247       -4.9704626612       -0.9223956733
C          0.7782256929       -3.7713090693       -1.0773498115
C         -0.5489227403        5.5099151098        1.3997969901
C          0.7469040218        5.8801524792        1.0847269644
C          1.4873375508        5.1231498535        0.1938903054
C          0.9520619049        3.9724715672       -0.3613564131
C         -2.9873100770        1.7660398473       -1.6540696904
C         -4.3673896330        1.8398212431       -1.7394500183
C         -5.0818693876        2.5976538802       -0.8276555502
C         -4.4185885874        3.3267574925        0.1439263160
H          3.3081005272        2.0753841872        0.0902555455
H          5.7776551121        1.9984856472        0.2653769664
H          5.6567469188       -2.2611718086       -0.1263340518
H          3.1970088535       -2.1660507081       -0.2981501699
H          7.7836099984       -1.4495886332        0.0964738492
H         -3.0404334527       -0.7217105262       -1.2806544096
H         -5.3871006491       -0.8670795292       -0.5774468459
H         -6.0815662929       -2.5772762409        1.0740565190
H         -4.3969301617       -4.1749542610        1.9569244072
H         -0.4744798854       -6.3546181476        1.4919147278
H          1.5580357147       -6.8249793831        0.1441255785
H          2.3141262601       -5.1773387656       -1.5366957968
H          1.1093167667       -3.0463089188       -1.8021237643
H         -1.1566571325        6.0926550685        2.0730167272
H          1.1683626877        6.7692262035        1.5256648121
H          2.4877702779        5.4246233175       -0.0729015453
H          1.5221348670        3.3744088610       -1.0511671448
H         -2.4157104646        1.1889779506       -2.3633108646
H         -4.8810601917        1.3034397414       -2.5213528719
H         -6.1575971891        2.6431996172       -0.8836135573
H         -4.9491542495        3.9516388893        0.8438961183
