-0.804109 0.703492 0.010081 0.286426 0.000000
-0.723698 0.697298 -0.003487 0.306188 0.000000
-0.643287 0.683232 0.022324 0.294448 0.000000
-0.562876 0.671040 0.027702 0.301261 0.000000
-0.482465 0.667980 0.028373 0.303644 0.000000
-0.402054 0.621748 0.079743 0.298505 0.000000
-0.321644 0.576969 0.115980 0.307051 0.000000
-0.241233 0.556446 0.106059 0.337498 0.000000
-0.160822 0.451267 0.152872 0.395859 0.000000
-0.080411 0.386996 0.226486 0.386518 0.000000
-0.040205 0.374643 0.207809 0.417550 0.000000
-0.020103 0.335184 0.230981 0.433838 0.000000
-0.010051 0.300667 0.251357 0.447978 0.000000
-0.005026 0.254093 0.285311 0.460595 0.000000
0.000000 0.146624 0.431786 0.421591 0.000000
0.005026 0.149259 0.429789 0.420953 0.000000
0.010051 0.165927 0.418173 0.415901 0.000000
0.020103 0.153849 0.429843 0.416308 0.000000
0.040205 0.155264 0.442897 0.401838 0.000000
0.080411 0.144955 0.459752 0.395293 0.000000
0.160822 0.084856 0.536163 0.378980 0.000000
0.241233 0.084436 0.553443 0.362121 0.000000
0.321644 0.051681 0.590165 0.358151 0.000000
0.402054 0.084659 0.605142 0.310198 0.000000
0.482465 0.075861 0.616072 0.308070 0.000000
0.562876 0.033788 0.669406 0.296805 0.000000
0.643287 -0.008017 0.685924 0.322092 0.000000
0.723698 -0.040134 0.712256 0.327878 0.000000
0.804109 -0.021834 0.720801 0.301029 0.000000

