C          3.2219174417       -0.0050036319        0.0015407587
C          3.9252286454        1.1997825599       -0.0034648636
C          5.3033718610        1.1998854446       -0.0048531139
C          6.0037843736       -0.0087859218       -0.0026610195
C          5.3001257293       -1.2155174985        0.0020670463
C          3.9219420732       -1.2116616970        0.0048670025
C          7.4187975347       -0.0104256823       -0.0054281841
C          8.6198999262       -0.0112599847       -0.0076913112
C          1.7588661763       -0.0029101726        0.0022228124
N          1.1404087121       -1.1657351257        0.1702307787
C         -0.1944724047       -1.1108010118        0.1821886810
N         -0.9050600883        0.0010956919        0.0005856057
C         -0.1909725149        1.1109485908       -0.1796046623
N          1.1440302047        1.1618006882       -0.1658748085
N         -0.8659703253        2.2768066477       -0.3562551495
C         -0.2101235741        3.5310808636       -0.3279593558
C         -0.8127484950        4.5633266123        0.3957874172
O         -2.0379421472        4.3988380560        0.9974700063
C         -2.8284371837        3.4124475119        0.4565857967
C         -2.2763330283        2.3473636971       -0.2594815452
N         -0.8733883626       -2.2745175499        0.3577998069
C         -0.2218140782       -3.5310251387        0.3308688306
C         -0.8268238321       -4.5613172663       -0.3936823603
O         -2.0498780914       -4.3922551031       -0.9985461791
C         -2.8381336565       -3.4031506596       -0.4593292129
C         -2.2838245252       -2.3403346733        0.2583819804
C         -4.2012953433        3.5123710781        0.6203720401
C         -5.0307783246        2.5626495665        0.0501186310
C         -4.4919673490        1.5372004450       -0.7068680442
C         -3.1208009508        1.4308809111       -0.8670614923
C          0.9807186656        3.7790882566       -0.9941406801
C          1.5979743529        5.0134587708       -0.8778001942
C          1.0239747800        6.0146502369       -0.1141483372
C         -0.1924823521        5.7979535009        0.5087398880
C         -4.2109756113       -3.4980125387       -0.6263171353
C         -5.0382972216       -2.5456339477       -0.0573334568
C         -4.4975158048       -1.5226937054        0.7016627207
C         -3.1263197915       -1.4213052976        0.8648375524
C          0.9668595794       -3.7831174949        0.9993948113
C          1.5794023536       -5.0200544211        0.8853344280
C          1.0028487586       -6.0196675013        0.1215343589
C         -0.2113173436       -5.7985350084       -0.5042788340
H          3.3701342538        2.1250406472       -0.0004196577
H          5.8508282225        2.1305046491       -0.0066995553
H          5.8449549556       -2.1476650459        0.0023509827
H          3.3643251704       -2.1354185148        0.0034735303
H          9.6690483663       -0.0122747042       -0.0096260038
H         -4.5928762239        4.3362454372        1.1948202975
H         -6.0977012839        2.6374903022        0.1860291559
H         -5.1343643004        0.8095438744       -1.1757789291
H         -2.6997376579        0.6257423103       -1.4442549675
H          1.4270617192        2.9961704922       -1.5829104654
H          2.5322536250        5.1875575762       -1.3874555725
H          1.5112518662        6.9711749933       -0.0138439474
H         -0.6766842012        6.5661792668        1.0896626754
H         -4.6042594696       -4.3201376967       -1.2021182517
H         -6.1051850958       -2.6165032500       -0.1957314396
H         -5.1383609702       -0.7931314452        1.1697418062
H         -2.7036333935       -0.6180683882        1.4435045024
H          1.4151924705       -3.0014350961        1.5882970158
H          2.5119469294       -5.1974632822        1.3970268063
H          1.4863521343       -6.9783282406        0.0232818106
H         -0.6973279882       -6.5652563055       -1.0856822220
