C          1.1733706507       -6.2409735273       -0.0665450190
C          1.1820021623       -4.8651365466       -0.0625463871
C         -0.0158822309       -4.1539642806        0.0048787315
C         -1.2227693839       -4.8498139796        0.0687778252
C         -1.2333316520       -6.2263595415        0.0647484152
C         -0.0347943084       -6.9474171586       -0.0033059101
C         -0.0070835036       -2.6859951852        0.0074220317
N          1.1712597120       -2.0765781356       -0.0571778774
C          1.1355647989       -0.7375539323       -0.0525346827
N          0.0080107940       -0.0297299023        0.0081990302
C         -1.1276352666       -0.7246909544        0.0692690721
N         -1.1783189399       -2.0632562359        0.0733042469
C         -2.3785826187        0.0057720269        0.1354365306
C         -2.3945568905        1.4026229394        0.1145907195
C         -3.5762675165        2.0981679504        0.1910856217
C         -4.8029100100        1.4249462274        0.3062472500
C         -4.7861446736        0.0215622771        0.2717765342
C         -3.6009091098       -0.6679800299        0.1946001172
C          2.3946004795       -0.0209047602       -0.1196461156
C          3.6098252753       -0.7076035195       -0.1745402561
C          4.8022537532       -0.0307822238       -0.2548960714
C          4.8335329221        1.3720926664       -0.2975523489
C          3.6140071995        2.0585714030       -0.1852782281
C          2.4251669963        1.3757481867       -0.1052832016
C         -0.0250848776       -8.3967328842       -0.0095664006
S          1.3503032368       -9.2987755753       -0.0772285170
S         -1.5853740954       -9.1873539678        0.0591642128
N          6.0262998926        2.0530885256       -0.3785348667
C          7.2817747550        1.4060735550       -0.3930318035
C          8.2419669887        1.7542194990        0.5544917890
S          7.8711894149        3.0287612407        1.7341407634
C          6.9309218028        4.0591171540        0.6346605650
C          6.1128119554        3.4618875782       -0.3218284999
C          7.0317821440        5.4389315333        0.7186987224
C          6.3247903652        6.2321694004       -0.1662042929
C          5.5483602621        5.6464492414       -1.1540549772
C          5.4514244251        4.2694989351       -1.2412552975
C          7.6093399461        0.4742886825       -1.3725719154
C          8.8440854972       -0.1486578203       -1.3551943939
C          9.7741103578        0.1682554933       -0.3772452321
C          9.4810863987        1.1333723671        0.5686875597
N         -5.9887347349        2.1184510887        0.3821797880
C         -7.2505640198        1.4836800402        0.3975090988
C         -8.2046478407        1.8342898764       -0.5551975472
S         -7.8187313276        3.0978849006       -1.7419253703
C         -6.8717665038        4.1262265136       -0.6464588313
C         -6.0614348216        3.5275516743        0.3158000226
C         -7.5895039797        0.5616174793        1.3823461252
C         -8.8298149058       -0.0501829811        1.3653545294
C         -9.7538490586        0.2684180762        0.3822826722
C         -9.4492545517        1.2244868829       -0.5691694420
C         -6.9596746679        5.5063429299       -0.7394980052
C         -6.2473629237        6.2986706587        0.1419436307
C         -5.4782820573        5.7121304784        1.1350378681
C         -5.3942626630        4.3349229232        1.2312355102
H          2.1004545765       -6.7913605593       -0.1191936972
H          2.1095590623       -4.3178405771       -0.1114640160
H         -2.1423853918       -4.2897138216        0.1207886402
H         -2.1751429197       -6.7522302481        0.1147982581
H         -1.4572023309        1.9295179456        0.0313552145
H         -3.5550376677        3.1748524726        0.1393874484
H         -5.7129459053       -0.5291034435        0.2834730862
H         -3.6000643560       -1.7462128097        0.1734845459
H          3.5980347004       -1.7857391131       -0.1475798360
H          5.7232889729       -0.5912171770       -0.2630864702
H          3.6040130618        3.1356370888       -0.1389348047
H          1.4933222049        1.9127031144       -0.0247600365
H         -1.1115913793      -10.4316006558        0.0317237787
H          7.6607685352        5.8754336107        1.4785372712
H          6.3948836664        7.3059095200       -0.0950005500
H          5.0190371230        6.2628626987       -1.8634714822
H          4.8602014169        3.8077833784       -2.0170742450
H          6.8869719309        0.2418450442       -2.1399167373
H          9.0813576913       -0.8805604512       -2.1111795135
H         10.7342130327       -0.3225343963       -0.3607038317
H         10.2006364222        1.4110673837        1.3228228793
H         -6.8714961381        0.3279027657        2.1533658030
H         -9.0760777290       -0.7746992666        2.1255294251
H        -10.7182932278       -0.2137706954        0.3659328788
H        -10.1639396683        1.5037083043       -1.3273467059
H         -7.5828941630        5.9438630698       -1.5035190788
H         -6.3075654880        7.3725483852        0.0638835161
H         -4.9447381494        6.3282236114        1.8415815056
H         -4.8087593386        3.8728272840        2.0111564556
