C          1.1447630408       -6.2198513492        0.1051794970
C          1.1594973525       -4.8439605422        0.0934704842
C         -0.0352587213       -4.1296529084       -0.0027215978
C         -1.2441271829       -4.8207956463       -0.0886494862
C         -1.2591583836       -6.1973670319       -0.0776807542
C         -0.0647080016       -6.9215695301        0.0204683985
C         -0.0211476794       -2.6655719852       -0.0090638738
N          1.1594008763       -2.0534828250       -0.0064430780
C          1.1260007670       -0.7215832776        0.0123745200
N          0.0031573492       -0.0071643258        0.0105564202
C         -1.1326762694       -0.7001889402       -0.0156754028
N         -1.1901524526       -2.0314101442       -0.0160859756
C         -2.3912568871        0.0405983109       -0.0505849099
C         -2.3858909842        1.4258863734       -0.2122775291
C         -3.5755778576        2.1230395809       -0.2616822050
C         -4.7848625847        1.4441513753       -0.1481083067
C         -4.7951602922        0.0621806881        0.0270102826
C         -3.6057518477       -0.6348162679        0.0717963850
C          2.3977531797       -0.0041229729        0.0381580271
C          3.5916458344       -0.6826259298       -0.2058724040
C          4.7920354174       -0.0037738930       -0.1830429112
C          4.8164016879        1.3607976456        0.0922007743
C          3.6273093118        2.0396963754        0.3500541336
C          2.4260041996        1.3625836383        0.3157568571
C         -0.0608461318       -8.3722775560        0.0373110494
S          1.3068400121       -9.2767454819        0.1832188762
S         -1.6186954140       -9.1568252333       -0.1074598934
N          6.0672405433        2.0338998475        0.1244119782
C          6.3518905125        2.9780022939       -0.8619756761
C          7.6093555587        3.5764750722       -0.9868308334
S          9.0074891777        3.0827551065       -0.0135351676
C          8.2115787068        2.2105086257        1.3073324545
C          6.8819968259        1.7906881042        1.2307390173
C          8.9826760182        1.9463625200        2.4276320508
C          8.4563321019        1.2479006543        3.4993297980
C          7.1364944663        0.8392541154        3.4484208049
C          6.3602956305        1.1175480496        2.3382234721
C          5.3806199905        3.3436093707       -1.7966832155
C          5.6296395941        4.2974992039       -2.7670134832
C          6.8605024215        4.9223674819       -2.8365570694
C          7.8502403981        4.5459921363       -1.9464777880
N         -5.9997789108        2.1820475062       -0.2019433541
C         -6.3667908376        2.8773159714        0.9496228421
C         -7.4352412574        3.7757570317        0.9897191083
S         -8.4137217463        4.1504306192       -0.4397913083
C         -7.9594653152        2.8210609030       -1.5227285758
C         -6.8137760550        2.0446036257       -1.3253941899
C         -5.6615958470        2.6693359102        2.1373934510
C         -5.9851109022        3.3461527485        3.2993173684
C         -7.0411287022        4.2381784994        3.3182545396
C         -7.7691145595        4.4390399988        2.1590825406
C         -8.7697680498        2.6343332338       -2.6304642855
C         -8.4466338307        1.6952767388       -3.5936492035
C         -7.2891640023        0.9554255781       -3.4415251014
C         -6.4886333781        1.1265422774       -2.3264488931
H          2.0678919954       -6.7739288292        0.1801920635
H          2.0885326650       -4.3014926180        0.1615123442
H         -2.1612113669       -4.2596802426       -0.1648863677
H         -2.2011138289       -6.7207777956       -0.1436704255
H         -1.4413199701        1.9363228596       -0.3078927555
H         -3.5804546087        3.1948222468       -0.3878473315
H         -5.7378493245       -0.4536561961        0.1300671789
H         -3.5970730851       -1.7038847972        0.2092808875
H          3.5581089900       -1.7382374705       -0.4217035623
H          5.7199079509       -0.5214686216       -0.3724536304
H          3.6557105098        3.0931139161        0.5843053508
H          1.4983114093        1.8736203940        0.5170066946
H         -1.1540603194      -10.4029162463       -0.0450971264
H         10.0066260553        2.2878830990        2.4389092894
H          9.0699878020        1.0349848988        4.3598099554
H          6.6980469687        0.3050107937        4.2769129712
H          5.3284766033        0.8043713875        2.3282065641
H          4.4161984281        2.8632790423       -1.7770363023
H          4.8500544699        4.5479474868       -3.4695856017
H          7.0599610971        5.6760693744       -3.5811417952
H          8.8346825251        4.9862185717       -1.9957078104
H         -4.8438470684        1.9664998869        2.1499049774
H         -5.4075828897        3.1649476564        4.1924619513
H         -7.3020629357        4.7696852042        4.2192392901
H         -8.6024564139        5.1249666591        2.1410578517
H         -9.6490875365        3.2519938825       -2.7337426681
H         -9.0825468128        1.5614307478       -4.4538868475
H         -6.9985232398        0.2363928881       -4.1916403519
H         -5.5858886684        0.5441315726       -2.2403994162
