C         -1.2620982590       -6.1998354991        0.6295228392
C         -1.2430981379       -4.8292764209        0.5011072524
C         -0.0346544522       -4.1547545472        0.3273709659
C          1.1560410383       -4.8803572202        0.2855929123
C          1.1382250518       -6.2502438499        0.4132949991
C         -0.0713410244       -6.9353479339        0.5871476376
C         -0.0169803310       -2.6953076171        0.1870976550
N          1.1608125984       -2.0976143337        0.0696180823
C          1.1351079438       -0.7667885617       -0.0714004770
N          0.0046887749       -0.0525603006       -0.0844934639
C         -1.1244964901       -0.7344853277        0.0524430598
N         -1.1881265400       -2.0603740461        0.1848529413
C         -2.3822157056        0.0149773924        0.0596543654
C         -3.6022147452       -0.6598603688        0.0747618723
C         -4.7867963208        0.0476584454        0.0853318856
C         -4.7634422395        1.4396825042        0.0865325238
C         -3.5497843292        2.1177286258        0.0685429718
C         -2.3655502377        1.4086889265        0.0538699583
C          2.3908314300       -0.0649506136       -0.2205156724
C          3.6104743088       -0.7409289393       -0.1205926180
C          4.8017651564       -0.0770033813       -0.2780449500
C          4.8288369322        1.2978269110       -0.5650318064
C          3.6029745651        1.9828287246       -0.6100279685
C          2.4156266385        1.3150644129       -0.4448452427
C         -0.0712772942       -8.3795444524        0.7177137526
S          1.2892043352       -9.3018224981        0.6278241972
S         -1.6263823961       -9.1379259418        0.9837826779
N          6.0166741786        1.9675698184       -0.7319068354
C          7.2796954283        1.3558266492       -0.5679928442
C          8.1920376935        1.9051811024        0.3305471185
S          7.7577166037        3.3836914321        1.2132399453
C          6.8551096020        4.1538720907       -0.1081466595
C          6.0849397999        3.3610539802       -0.9557476570
C          6.9359803024        5.5242315160       -0.3008349972
C          6.2577436405        6.1086068294       -1.3546650679
C          5.5289699062        5.3211133198       -2.2326554454
C          5.4513211128        3.9533967759       -2.0432024908
C          7.6625798108        0.2563857169       -1.3290909612
C          8.9020786488       -0.3261367007       -1.1352416165
C          9.7820804418        0.1958069542       -0.1999414009
C          9.4356760608        1.3236250981        0.5211973653
N         -5.9767223701        2.1870066567        0.0975640500
C         -6.4467905665        2.6493899975       -1.1294608819
C         -7.5491375837        3.4985542764       -1.2522013119
S         -8.4384581873        4.1142383854        0.1527463372
C         -7.8313893032        3.0561256724        1.4405043378
C         -6.6844913166        2.2707080102        1.2941711547
C         -5.8114197215        2.2524439167       -2.3084290929
C         -6.2413641761        2.6939290083       -3.5467731732
C         -7.3345446357        3.5336497533       -3.6491632081
C         -7.9883444183        3.9255836307       -2.4943601375
C         -8.5264997138        3.0919969416        2.6378125564
C         -8.0858527023        2.3720035974        3.7341922317
C         -6.9308668945        1.6216735761        3.6195825876
C         -6.2442774906        1.5706626461        2.4197442989
H         -2.2046066725       -6.7097881976        0.7617238079
H         -2.1572720973       -4.2591194785        0.5334687976
H          2.0847704297       -4.3498747069        0.1507869687
H          2.0590093847       -6.8124856178        0.3814714512
H         -3.6021289222       -1.7378353187        0.0720293323
H         -5.7353080185       -0.4678938307        0.0925814548
H         -3.5456069052        3.1969191261        0.0646567878
H         -1.4154217117        1.9177563165        0.0442023659
H          3.6017933335       -1.7981038422        0.0923981122
H          5.7247849533       -0.6208093795       -0.1582345190
H          3.5886781899        3.0511010565       -0.7544347474
H          1.4803852060        1.8501642400       -0.4861283560
H         -1.1653319013      -10.3860078443        1.0359967820
H          7.5271260372        6.1176858581        0.3787545688
H          6.3126793553        7.1758083946       -1.4994701080
H          5.0218871978        5.7718847003       -3.0711170187
H          4.8955876961        3.3332976600       -2.7296884094
H          6.9809603622       -0.1360668687       -2.0678965494
H          9.1824947015       -1.1876430608       -1.7205415185
H         10.7456702922       -0.2628237516       -0.0447308485
H         10.1173195191        1.7601624735        1.2341967342
H         -4.9632645310        1.5887270152       -2.2531306624
H         -5.7159391261        2.3708427538       -4.4320615141
H         -7.6789528712        3.8813646449       -4.6097913330
H         -8.8450718896        4.5808099563       -2.5391739281
H         -9.4109284105        3.7078614694        2.7001909904
H         -8.6323575830        2.4117562359        4.6626666390
H         -6.5533531994        1.0676703212        4.4650452762
H         -5.3418980774        0.9839730278        2.3590305587
