C          1.1653788921       -6.2218560876       -0.5069741041
C          1.1771587728       -4.8485004375       -0.4242976344
C         -0.0215684253       -4.1358586287       -0.3905285431
C         -1.2322210655       -4.8267193238       -0.4412484032
C         -1.2451115413       -6.2008872704       -0.5243331469
C         -0.0461388175       -6.9234344625       -0.5588228380
C         -0.0099275325       -2.6720490892       -0.3072330709
N          1.1658931493       -2.0593328631       -0.3195180371
C          1.1356175776       -0.7224541523       -0.2598106285
N          0.0008608196       -0.0160630217       -0.2167107505
C         -1.1257141529       -0.7157905999       -0.1890871939
N         -1.1838099006       -2.0480200520       -0.2228408377
C         -2.3879282533        0.0203891351       -0.1101296210
C         -2.4190335553        1.3876543829       -0.3803422668
C         -3.6068505630        2.0849417701       -0.3004014857
C         -4.7765194360        1.4256722365        0.0701918754
C         -4.7504650178        0.0597775834        0.3348569983
C         -3.5648101917       -0.6395698444        0.2391276436
C          2.3921551676       -0.0066446544       -0.2330144420
C          3.6101880057       -0.6921757650       -0.2658868125
C          4.8036892041       -0.0150725584       -0.2313329364
C          4.8358111498        1.3881300649       -0.1738912355
C          3.6101880528        2.0701645348       -0.0954509737
C          2.4199409841        1.3875634074       -0.1300104621
C         -0.0392493766       -8.3707711707       -0.6472559861
S          1.3359811865       -9.2751810836       -0.6681510655
S         -1.6024002196       -9.1537172793       -0.7352786568
N          6.0286869286        2.0684638840       -0.1283223298
C          7.2829131379        1.4188978056       -0.0861466435
C          8.1599045416        1.6923022957        0.9612397905
S          7.6926965826        2.8805865938        2.1953604546
C          6.8430803527        3.9914095801        1.1006880124
C          6.1076823058        3.4694371280        0.0388940346
C          6.9317573823        5.3611171278        1.2942786860
C          6.2970891333        6.2193248602        0.4152291906
C          5.6053011598        5.7105037724       -0.6730899869
C          5.5197448127        4.3439855694       -0.8688740235
C          7.6907954289        0.5585309698       -1.1000110444
C          8.9198759375       -0.0714015323       -1.0249438344
C          9.7642691485        0.1678933948        0.0481777501
C          9.3931405128        1.0636558411        1.0340279874
N         -6.0105822480        2.1249819965        0.1711657329
C         -6.1733859581        3.0535982264        1.1985254753
C         -7.3947329037        3.6844477907        1.4542758127
S         -8.8915784423        3.2543720194        0.6056881230
C         -8.2501177895        2.3862366549       -0.7995916050
C         -6.9327048391        1.9264348364       -0.8562706772
C         -5.1071890857        3.3721094474        2.0427674703
C         -5.2346455660        4.3105733472        3.0510191544
C         -6.4344790047        4.9668694298        3.2506481083
C         -7.5148111784        4.6382239882        2.4515478049
C         -9.1314510216        2.1659284247       -1.8454248877
C         -8.7308351347        1.4718880528       -2.9730255219
C         -7.4260378888        1.0218998850       -3.0532210113
C         -6.5399937312        1.2564334566       -2.0175618485
H          2.0923672903       -6.7740770796       -0.5339039734
H          2.1074281871       -4.3052431431       -0.3846534008
H         -2.1525865192       -4.2659673960       -0.4171557939
H         -2.1891426699       -6.7235469515       -0.5629460251
H         -1.5043191975        1.8840686275       -0.6621733416
H         -3.6389852214        3.1403483304       -0.5255229060
H         -5.6645487990       -0.4432898218        0.6111212826
H         -3.5288125799       -1.6971547138        0.4452856525
H          3.5979287031       -1.7695331529       -0.3116239723
H          5.7244869727       -0.5756529886       -0.2240722020
H          3.5971475829        3.1420641257        0.0187685386
H          1.4847637418        1.9208640179       -0.0671470308
H         -1.1313008628      -10.3975165867       -0.7994809303
H          7.4947394705        5.7389435078        2.1332246454
H          6.3579131267        7.2846797741        0.5709376197
H          5.1334548069        6.3794194204       -1.3754103379
H          4.9938707982        3.9421237473       -1.7212288810
H          7.0350880446        0.3864842984       -1.9396629746
H          9.2199834039       -0.7480494282       -1.8094644384
H         10.7194959428       -0.3288177063        0.1095499641
H         10.0470100694        1.2812872157        1.8638912695
H         -4.1630718148        2.8670386184        1.9203511039
H         -4.3842433249        4.5239322626        3.6798936205
H         -6.5399110346        5.7087485025        4.0257360127
H         -8.4765664657        5.1045651011        2.6028467966
H        -10.1406822417        2.5378298617       -1.7538491360
H         -9.4293435867        1.2933442964       -3.7746001512
H         -7.0850771418        0.4885701960       -3.9269515323
H         -5.5226426004        0.9105058903       -2.1086955761
