C          0.0079393055        4.6028992086       -0.2985029564
C          1.2102579103        5.3088334941       -0.2614102223
C          1.2191905484        6.6849677421       -0.3377955154
C          0.0174704136        7.3766221873       -0.4539365371
C         -1.1884797735        6.6809926831       -0.4918829368
C         -1.1917840718        5.3059986013       -0.4141367088
S         -0.0337055350        9.1349838215       -0.5560623359
C          0.0059268454        3.1444497700       -0.2152147162
N         -1.1677260029        2.5201115051       -0.2095219123
C         -1.1261360528        1.1874274269       -0.1191916085
N          0.0097631892        0.4883441591       -0.0312249001
C          1.1349988622        1.1945357680       -0.0607212256
N          1.1848103247        2.5233201348       -0.1530280302
C          2.4015090629        0.4666123952        0.0036867169
C          2.4161737454       -0.8952273362        0.3035330467
C          3.6087099768       -1.5846829128        0.3555058310
C          4.8102085598       -0.9259410369        0.0970583012
C          4.7987149414        0.4356294689       -0.2029226913
C          3.6055922126        1.1250482511       -0.2436257600
C         -2.3790463533        0.4587242139       -0.1262032653
C         -2.3995157705       -0.9344136236       -0.0248285399
C         -3.5825924803       -1.6308116497       -0.0636278262
C         -4.8094054621       -0.9660337178       -0.2223029705
C         -4.7874665776        0.4378368811       -0.2559556364
C         -3.6013392091        1.1290590586       -0.2149281921
N         -5.9965951993       -1.6645077554       -0.3017592427
C         -7.2615249760       -1.0325308406       -0.2304230763
C         -8.1516829147       -1.4711771995        0.7534060711
O         -7.8375747652       -2.5465975250        1.5540082400
C         -6.9965931153       -3.4576586185        0.9548276714
C         -6.0892695056       -3.0504528684       -0.0269666648
N          6.0279331779       -1.6339430318        0.1343085016
C          6.2512700634       -2.7088415021       -0.7316259120
C          7.4675114752       -3.4015269320       -0.6704911412
O          8.4746637298       -3.0512226226        0.1996589199
C          8.2443719857       -1.9815672930        1.0344777063
C          7.0372864088       -1.2703342641        1.0305471866
C          9.2623884708       -1.6428699617        1.9064146884
C          9.0951358844       -0.6006580781        2.8062478126
C          7.8955056612        0.0814265218        2.8385947756
C          6.8732566956       -0.2535467192        1.9639608298
C         -7.6694426064       -0.0486880254       -1.1215078340
C         -8.9043204530        0.5578737130       -0.9659912022
C         -9.7469697364        0.1748706904        0.0638273724
C         -9.3842802820       -0.8575663279        0.9113823694
C          5.3272455217       -3.0924075030       -1.6965862702
C          5.5808570025       -4.1638891507       -2.5390348011
C          6.7666332831       -4.8638636872       -2.4426527689
C          7.7158019433       -4.4710762611       -1.5106578058
C         -7.0954121185       -4.7932325412        1.3115139950
C         -6.3125888256       -5.7330382237        0.6636138580
C         -5.4742061500       -5.3471235382       -0.3685315849
C         -5.3684780805       -4.0125670866       -0.7220711917
H          2.1330816621        4.7587756105       -0.1692589433
H          2.1557979768        7.2210799533       -0.3069684810
H         -2.1146070692        7.2281722960       -0.5820877239
H         -2.1179659077        4.7547792723       -0.4422105060
H          1.2804753642        9.3265856424       -0.4826979232
H          1.4809594413       -1.3932252498        0.5034422206
H          3.6216175637       -2.6358072575        0.6011444112
H          5.7291314507        0.9413723118       -0.4124883219
H          3.5835550370        2.1762592381       -0.4825542246
H         -1.4642767379       -1.4593928840        0.0882441065
H         -3.5586405034       -2.7010833237        0.0566779937
H         -5.7104472314        0.9926889385       -0.2873442712
H         -3.6002477157        2.2071293982       -0.2471541893
H         10.1768095144       -2.2130398499        1.8680938904
H          9.8958480553       -0.3407918222        3.4796250274
H          7.7405046408        0.8795227411        3.5475058861
H          5.9353576568        0.2759055981        2.0141179201
H         -7.0176630369        0.2354435869       -1.9325194168
H         -9.2054730776        1.3329642086       -1.6526250651
H        -10.7009006990        0.6602248058        0.1941798422
H        -10.0385284183       -1.2016794471        1.6960809276
H          4.4042880155       -2.5442425881       -1.7969689616
H          4.8412191897       -4.4415145883       -3.2734416091
H          6.9669819391       -5.7016581757       -3.0907614063
H          8.6627688885       -4.9791623474       -1.4222831367
H         -7.7862338956       -5.0724579893        2.0906225207
H         -6.3805330758       -6.7704526320        0.9494477142
H         -4.8971293476       -6.0851894171       -0.9025186148
H         -4.7301690152       -3.7110414322       -1.5374428522
