C         -0.0062688923        4.6701963381       -0.0604175481
C          1.1973643314        5.3758545101       -0.0798803816
C          1.2041388831        6.7527843468       -0.0280013017
C         -0.0004469247        7.4464272661        0.0440466176
C         -1.2074299804        6.7509122418        0.0625343962
C         -1.2092371049        5.3750462296        0.0106321894
S         -0.0546111105        9.2053928578        0.1127845394
C         -0.0071616969        3.2129158018       -0.1177962596
N         -1.1821595751        2.5846225728       -0.0884111528
C         -1.1373688054        1.2576712353       -0.1880694174
N         -0.0113946114        0.5579685403       -0.3199636573
C          1.1190217714        1.2606157428       -0.2825450688
N          1.1681543422        2.5874431166       -0.1846637186
C          2.3799643075        0.5237153837       -0.3243174078
C          2.3841252603       -0.8454917874       -0.5910488020
C          3.5679170512       -1.5517955155       -0.5891110458
C          4.7678537619       -0.9014966884       -0.3066102311
C          4.7690576887        0.4684639076       -0.0498942613
C          3.5853620346        1.1754373634       -0.0646851185
C         -2.3929857393        0.5162375181       -0.1227397646
C         -3.5632095636        1.1463368496        0.3007594741
C         -4.7358462570        0.4316714393        0.4192626821
C         -4.7635284121       -0.9265457018        0.1025412686
C         -3.6003345140       -1.5525267837       -0.3463028395
C         -2.4259320404       -0.8395364795       -0.4500557002
N         -5.9516720280       -1.6671172376        0.2470393820
C         -5.9987990043       -2.7693967275        1.1078327701
C         -7.1908945968       -3.4943969309        1.2339677165
O         -8.3405493110       -3.1495822618        0.5614141688
C         -8.2838517273       -2.0498115737       -0.2635052318
C         -7.1106351826       -1.3065939356       -0.4476572953
N          5.9758469266       -1.6286182211       -0.2660486069
C          6.4614604668       -2.2693301669       -1.4079059138
C          7.6452812732       -3.0142899868       -1.3287161165
O          8.3641051901       -3.1366621836       -0.1608667969
C          7.8635050971       -2.5097219113        0.9579255965
C          6.6794684965       -1.7612369154        0.9337804291
C          8.5774397928       -2.6641212847        2.1315683162
C          8.1218712926       -2.0883469506        3.3086969054
C          6.9408577312       -1.3739867682        3.3025665432
C          6.2222328429       -1.2158380390        2.1274405307
C         -4.9164567111       -3.1498519138        1.8929547519
C         -4.9969632931       -4.2498031336        2.7328223786
C         -6.1639166461       -4.9824934075        2.8157631766
C         -7.2667412883       -4.5926059627        2.0708510680
C          5.8384310897       -2.1529780115       -2.6446049408
C          6.3532209697       -2.7923665251       -3.7620010135
C          7.5035026622       -3.5493669110       -3.6659329209
C          8.1538708445       -3.6519120817       -2.4447202054
C         -9.4467591112       -1.7138990855       -0.9317822877
C         -9.4627442809       -0.6434085938       -1.8133112495
C         -8.3015285714        0.0692151813       -2.0357501263
C         -7.1344625116       -0.2626110878       -1.3651374687
H          2.1223535446        4.8249676978       -0.1378982914
H          2.1410768910        7.2888086998       -0.0438663504
H         -2.1353242235        7.2996738414        0.1171820528
H         -2.1363218019        4.8248897187        0.0220764851
H          1.2611186989        9.3964652579        0.0705904915
H          1.4466123506       -1.3404904658       -0.7863589532
H          3.5729281819       -2.6126847618       -0.7886006024
H          5.7029331163        0.9679536052        0.1588553286
H          3.5727378348        2.2357224629        0.1302606073
H         -3.5274007884        2.1932344976        0.5566323210
H         -5.6344000471        0.9132758081        0.7740021699
H         -3.6292553394       -2.5984981035       -0.6114030101
H         -1.5204046338       -1.3151611736       -0.7906540091
H          9.4856296188       -3.2447507176        2.1034865430
H          8.6862922454       -2.2126258312        4.2187133662
H          6.5631185677       -0.9361061161        4.2131522343
H          5.2922774433       -0.6702894970        2.1408947980
H         -4.0037065830       -2.5774561525        1.8560022676
H         -4.1370760676       -4.5239298907        3.3235151903
H         -6.2304096808       -5.8429963117        3.4616625515
H         -8.2026548586       -5.1249470097        2.1287193399
H          4.9485051042       -1.5509093659       -2.7359385586
H          5.8466686033       -2.6876936142       -4.7085635043
H          7.9067432839       -4.0515653279       -4.5304350662
H          9.0643288536       -4.2196342994       -2.3373934546
H        -10.3276958413       -2.3090232242       -0.7515214575
H        -10.3751299627       -0.3856805772       -2.3263480127
H         -8.2904712724        0.8891601455       -2.7364648989
H         -6.2311699731        0.2909481947       -1.5649213780
