C          0.0278190496        4.5936275634        0.5693254465
C         -1.1711036212        5.2939488319        0.7070991550
C         -1.1708679585        6.6648899452        0.8459389637
C          0.0362398325        7.3577844163        0.8489914599
C          1.2386165850        6.6674881968        0.7129689277
C          1.2332746385        5.2975978006        0.5745792519
S          0.0993798013        9.1092734408        1.0230140890
C          0.0210900301        3.1420666665        0.4250966340
N         -1.1566325872        2.5182178471        0.4245255451
C         -1.1152151649        1.1914744802        0.3156955064
N          0.0110636351        0.4875317661        0.2150653435
C          1.1409070349        1.1926222528        0.1945977096
N          1.1924461940        2.5194367663        0.2978133604
C          2.3963521550        0.4645397785        0.0360312422
C          3.5900220895        1.1538085598       -0.1789550503
C          4.7704249044        0.4648501129       -0.3568308757
C          4.7810466207       -0.9292937123       -0.3145535101
C          3.5910877276       -1.6205292438       -0.0868860350
C          2.4107120677       -0.9298529807        0.0818129342
C         -2.3797686115        0.4623120845        0.2914032458
C         -2.3878146440       -0.9322921178        0.3321539057
C         -3.5788737489       -1.6238993545        0.2886801840
C         -4.7871112954       -0.9333697169        0.1940871789
C         -4.7824689787        0.4609733193        0.1578624065
C         -3.5904019449        1.1507829746        0.2101648560
N         -6.0025436780       -1.6410055692        0.1287649160
C         -6.2449943781       -2.5419900183       -0.9134035939
C         -7.4602113875       -3.2379512180       -0.9534834732
O         -8.4487408110       -3.0541670875       -0.0141002475
C         -8.1996971780       -2.1547597714        0.9970891085
C         -6.9924904855       -1.4510945492        1.0979627062
N          5.9832915570       -1.6363039591       -0.5069215508
C          7.0721324490       -1.4399117681        0.3482377488
C          8.2622418743       -2.1433676450        0.1213185228
O          8.4015169327       -3.0485681653       -0.9056246014
C          7.3180537944       -3.2370298341       -1.7326632815
C          6.1134223948       -2.5416763399       -1.5652683900
C          7.4755453049       -4.1413806453       -2.7667165485
C          6.4445531633       -4.3602594970       -3.6681217539
C          5.2678169356       -3.6505194075       -3.5374773991
C          5.1053096989       -2.7448282522       -2.5005577366
C         -5.3431461347       -2.7398743056       -1.9525604104
C         -5.6155492483       -3.6412215914       -2.9700362629
C         -6.7990153228       -4.3517614094       -2.9765831381
C         -7.7272998898       -4.1379842375       -1.9686245127
C          7.0055733870       -0.6067205341        1.4588759071
C          8.1041741757       -0.4351907239        2.2868677664
C          9.2849548466       -1.1022921627        2.0292323353
C          9.3567142388       -1.9675467796        0.9477196419
C         -9.1983715749       -1.9851070494        1.9381489994
C         -9.0105047289       -1.1259652555        3.0105671445
C         -7.8092117361       -0.4588235944        3.1427444943
C         -6.8066148289       -0.6241483230        2.1996769389
H         -2.0981136164        4.7434285420        0.7046957102
H         -2.1043049608        7.1967034286        0.9521983248
H          2.1686298652        7.2153748860        0.7177493864
H          2.1568645200        4.7514230299        0.4702540410
H         -1.2142707914        9.2969934123        1.1152025932
H          3.5685886169        2.2309872970       -0.2207318448
H          5.6906187883        0.9976660937       -0.5428259642
H          3.6045673175       -2.6988231849       -0.0388041907
H          1.4855830250       -1.4540177355        0.2594002514
H         -1.4484121948       -1.4559397325        0.4060685653
H         -3.5859689926       -2.7024309135        0.3327440848
H         -5.7179862110        0.9931202476        0.0751930471
H         -3.5744650031        2.2280942410        0.1713179394
H          8.4175058687       -4.6593169993       -2.8512433857
H          6.5745290846       -5.0704736416       -4.4686138096
H          4.4644691495       -3.7910347121       -4.2434101599
H          4.1875051923       -2.1843949495       -2.4245711548
H         -4.4228316932       -2.1787849420       -1.9732210214
H         -4.8926363100       -3.7777731170       -3.7588452904
H         -7.0137731157       -5.0586828717       -3.7615909569
H         -8.6725378716       -4.6566420848       -1.9537914973
H          6.0846418034       -0.0936844497        1.6847624766
H          8.0239304420        0.2232615171        3.1374401222
H         10.1445932689       -0.9681000076        2.6657088641
H         10.2543442771       -2.5237168159        0.7294328147
H        -10.1139718404       -2.5412178763        1.8151030507
H         -9.7962641770       -0.9966575808        3.7371747942
H         -7.6377876321        0.1946909132        3.9835680150
H         -5.8668854989       -0.1114157373        2.3275129612
