C         -0.0316698141        4.5755607685       -0.5991349807
C          1.1662259584        5.2786145555       -0.7384723178
C          1.1561641883        6.6464707581       -0.8955689608
C         -0.0543811981        7.3355834376       -0.9162348286
C         -1.2541487212        6.6436097583       -0.7786337491
C         -1.2389312810        5.2747312404       -0.6216390268
S         -0.0111136489        9.0844257759       -1.1203662210
C         -0.0225771477        3.1261203586       -0.4350884343
N         -1.1936463908        2.5031641733       -0.3069281061
C         -1.1405714848        1.1785418936       -0.1785941238
N         -0.0091062251        0.4755582760       -0.1765673919
C          1.1162295388        1.1794392716       -0.2882989004
N          1.1558427352        2.5042085898       -0.4199225208
C          2.3827865878        0.4539446500       -0.2546530686
C          2.3952663214       -0.9412050986       -0.2599890930
C          3.5893488761       -1.6276739790       -0.2151039651
C          4.7962850155       -0.9310342614       -0.1560168554
C          4.7870750201        0.4637226487       -0.1526913570
C          3.5919410749        1.1481094366       -0.2051151356
C         -2.3973697431        0.4525899773       -0.0205503259
C         -2.4076954358       -0.9425260559       -0.0069424298
C         -3.5912383458       -1.6291346187        0.1570474531
C         -4.7889071001       -0.9326270232        0.3182257868
C         -4.7822286383        0.4620370020        0.3016996249
C         -3.5982574565        1.1464437795        0.1307925743
N         -5.9961110092       -1.6337938692        0.5017814439
C         -6.1601325473       -2.4933563060        1.5928948056
C         -7.3686006256       -3.1845497497        1.7496693211
O         -8.4238629299       -3.0353756307        0.8792340003
C         -8.2499236900       -2.1782727938       -0.1831389282
C         -7.0542001712       -1.4810858739       -0.3996084015
N          6.0156072759       -1.6326057545       -0.0950831385
C          6.9871608741       -1.4626524714       -1.0863474706
C          8.1987330439       -2.1595185748       -0.9903902153
O          8.4698365601       -3.0325894477        0.0380595064
C          7.5010331880       -3.1933716356        1.0019352039
C          6.2821693845       -2.5036052936        0.9663606758
C          7.7920413055       -4.0632406340        2.0365796461
C          6.8844495856       -4.2523334083        3.0680688174
C          5.6974730851       -3.5476452330        3.0644141456
C          5.4011288260       -2.6764235535        2.0275564974
C         -5.1836130128       -2.6527261718        2.5692526243
C         -5.3794836111       -3.5130958313        3.6385032457
C         -6.5588435413       -4.2200517618        3.7602792985
C         -7.5592889589       -4.0437409008        2.8160929854
C          6.7782171876       -0.6634000035       -2.2042417837
C          7.7627175940       -0.5181053635       -3.1694326109
C          8.9685302503       -1.1781980846       -3.0432935021
C          9.1792535063       -2.0099717778       -1.9536744729
C         -9.3143505501       -2.0453888275       -1.0555217262
C         -9.2060093385       -1.2303481653       -2.1724380060
C         -8.0187055192       -0.5702183989       -2.4177269392
C         -6.9501508363       -0.6988195837       -1.5438903198
H          2.0961035675        4.7333927834       -0.7224553892
H          2.0802699808        7.1936520874       -1.0039361106
H         -2.1939899759        7.1745159181       -0.7948648726
H         -2.1602748678        4.7249724347       -0.5154118596
H         -1.3274989299        9.2713169807       -1.0799900175
H          1.4568751014       -1.4695934899       -0.3088847253
H          3.5998288735       -2.7069478521       -0.2319843196
H          5.7217075606        1.0008955484       -0.0964924542
H          3.5728350444        2.2260372852       -0.1927404753
H         -1.4767650439       -1.4708665213       -0.1348944465
H         -3.6010502113       -2.7085462794        0.1555348185
H         -5.7089004928        0.9990583697        0.4362194926
H         -3.5799298878        2.2243700618        0.1271764122
H          8.7392407153       -4.5781797485        2.0178583661
H          7.1179181379       -4.9356658629        3.8684682002
H          4.9905615479       -3.6651887584        3.8705862261
H          4.4785978612       -2.1190235303        2.0498231982
H         -4.2646463219       -2.0933531861        2.4995837373
H         -4.6001528023       -3.6204982574        4.3764592490
H         -6.7145696194       -4.8952597176        4.5860757572
H         -8.5026750755       -4.5605091358        2.8914461578
H          5.8346421837       -0.1565215041       -2.3271200779
H          7.5735695844        0.1143262832       -4.0225030127
H          9.7402467282       -1.0643465522       -3.7873282669
H         10.0990118419       -2.5599038461       -1.8339497851
H        -10.2177528558       -2.5948995247       -0.8442638338
H        -10.0424173645       -1.1296111036       -2.8450270330
H         -7.9097910671        0.0489697705       -3.2941992830
H         -6.0231639087       -0.1923861665       -1.7596618368
