C          0.0054573926        4.6193089523       -0.2465324560
C          1.2071451524        5.3271049382       -0.2298218622
C          1.2123760660        6.7033725169       -0.3048708745
C          0.0076349377        7.3932173976       -0.3984294859
C         -1.1977094934        6.6957054692       -0.4153460564
C         -1.1973082670        5.3206257910       -0.3396858240
S         -0.0484332069        9.1515972026       -0.4975010549
C          0.0066103873        3.1608052185       -0.1647233064
N         -1.1662210235        2.5349114059       -0.1536894828
C         -1.1227547036        1.2025948637       -0.0600198697
N          0.0141515362        0.5061003579        0.0351725875
C          1.1382389530        1.2131326882       -0.0074832652
N          1.1868784932        2.5410124135       -0.1113512071
C          2.4042316781        0.4837886866        0.0502269066
C          2.4242025720       -0.8604589598        0.4204671197
C          3.6143538482       -1.5546408787        0.4606155163
C          4.8072238745       -0.9201955230        0.1153969113
C          4.7902026005        0.4242242608       -0.2540773561
C          3.6003439266        1.1202168030       -0.2788072446
C         -2.3730122396        0.4697921075       -0.0768122750
C         -2.3886886937       -0.9228709035        0.0321526960
C         -3.5672241397       -1.6253613100       -0.0267347125
C         -4.7934716895       -0.9676493080       -0.2162733752
C         -4.7781587638        0.4363169293       -0.2526623607
C         -3.5966580266        1.1338582303       -0.1902542679
N         -5.9745078011       -1.6725365471       -0.3231923881
C         -7.2440188962       -1.0467908640       -0.2942603695
C         -8.1628408947       -1.4865957825        0.6622774496
O         -7.8683411168       -2.5567646130        1.4772647293
C         -7.0036187267       -3.4656081801        0.9093151760
C         -6.0684185586       -3.0578158829       -0.0457933291
N          6.0202969155       -1.6363408075        0.1338013866
C          6.1924825955       -2.7622890958       -0.6777289760
C          7.4058265566       -3.4615594832       -0.6373201641
O          8.4591202074       -3.0690730697        0.1567448190
C          8.2789033278       -1.9498823038        0.9370266609
C          7.0769723507       -1.2301834883        0.9542480873
C          9.3435207438       -1.5688058251        1.7325059672
C          9.2294547081       -0.4744129348        2.5769223164
C          8.0361719920        0.2172275375        2.6330070050
C          6.9673487247       -0.1601695868        1.8346871895
C         -7.6283029173       -0.0684188290       -1.2017738369
C         -8.8708398361        0.5317494979       -1.0885241321
C         -9.7442634639        0.1475891832       -0.0851045051
C         -9.4033606668       -0.8795326873        0.7778281417
C          5.2184561200       -3.1936068892       -1.5707547292
C          5.4215077766       -4.3160770352       -2.3587290587
C          6.6056211349       -5.0210396193       -2.2799239042
C          7.6037456482       -4.5820324157       -1.4228018722
C         -7.1057586135       -4.7999591366        1.2695815744
C         -6.2978863907       -5.7383752791        0.6510569106
C         -5.4308987340       -5.3527228810       -0.3572436409
C         -5.3220388041       -4.0193326678       -0.7142677068
H          2.1323221048        4.7783662284       -0.1546133190
H          2.1484812571        7.2410515096       -0.2903315907
H         -2.1262272494        7.2414870097       -0.4877483350
H         -2.1229257723        4.7678773081       -0.3515286033
H          1.2665507718        9.3454395788       -0.4486532091
H          1.4955203654       -1.3407127090        0.6842992103
H          3.6320291786       -2.5909641621        0.7623981512
H          5.7131341497        0.9110477190       -0.5307586482
H          3.5740974482        2.1579269778       -0.5708029931
H         -1.4531748089       -1.4424744511        0.1659076731
H         -3.5404760829       -2.6947456875        0.1002873368
H         -5.7032759215        0.9861179191       -0.3044395653
H         -3.6003084193        2.2117953613       -0.2266717254
H         10.2517842472       -2.1475802153        1.6795372351
H         10.0662515605       -0.1815877665        3.1902079561
H          7.9226695678        1.0562437550        3.3013521068
H          6.0357830498        0.3782023864        1.9038857376
H         -6.9521049051        0.2164979092       -1.9922625484
H         -9.1538520001        1.3026706695       -1.7874590639
H        -10.7046750400        0.6278516811        0.0123215282
H        -10.0807605505       -1.2244394438        1.5422616710
H          4.2954836380       -2.6433457965       -1.6583076682
H          4.6435498741       -4.6296833953       -3.0368989555
H          6.7667919004       -5.8983997295       -2.8851813078
H          8.5507160273       -5.0928507219       -1.3519824547
H         -7.8187841465       -5.0793834761        2.0283403266
H         -6.3683919319       -6.7746872898        0.9402351325
H         -4.8337622829       -6.0900195142       -0.8698125719
H         -4.6616781379       -3.7185604973       -1.5121437657
