C         -0.0005308330        4.6097030829       -0.1163656919
C          1.1934987113        5.3094272623       -0.2891748188
C          1.1970745785        6.6859818461       -0.3584485877
C         -0.0017951255        7.3844738023       -0.2543543770
C         -1.1995289495        6.6951374023       -0.0813809736
C         -1.1974400901        5.3196582454       -0.0135147970
S         -0.0596476088        9.1437204559       -0.3350215299
C          0.0019657748        3.1506430759       -0.0441330144
N         -1.1654415999        2.5307024302        0.0975966466
C         -1.1206111911        1.1966292260        0.1604365455
N          0.0129075298        0.4918360621        0.0913880174
C          1.1317615505        1.1945925124       -0.0510825690
N          1.1772051000        2.5248497450       -0.1246870663
C          2.3950039808        0.4621275643       -0.1317568753
C          3.6047058232        1.1503762476       -0.2199078419
C          4.7958135195        0.4603282331       -0.2951795718
C          4.7982253323       -0.9336795038       -0.2859883245
C          3.5908250444       -1.6250901930       -0.1993078271
C          2.4013862829       -0.9325161335       -0.1216604369
C         -2.3679233805        0.4741471909        0.3125998027
C         -3.5890878214        1.1502277205        0.3653136943
C         -4.7705628980        0.4685755653        0.5262684448
C         -4.7881842010       -0.9295946012        0.6565568616
C         -3.5639607274       -1.6079838141        0.5415002979
C         -2.3857948007       -0.9210206254        0.3800567763
N         -5.9700150064       -1.6154896031        0.8491491474
C         -6.0596128045       -3.0247613873        0.7438291501
C         -6.9808288922       -3.5506828869       -0.1658049530
O         -7.8373023850       -2.7217734823       -0.8552785331
C         -8.1427143584       -1.5576550492       -0.1862987878
C         -7.2393038128       -1.0007130277        0.7228811193
N          6.0157233836       -1.6401607876       -0.3639996866
C          6.8421956499       -1.5099704227       -1.4833795615
C          8.0538818322       -2.2117119703       -1.5305377653
O          8.4626400038       -3.0489174802       -0.5173221837
C          7.6306063070       -3.1754422349        0.5719959921
C          6.4179730945       -2.4815993984        0.6768882334
C          8.0549513844       -4.0147529655        1.5852205122
C          7.2901538755       -4.1692710765        2.7321535096
C          6.1114256402       -3.4628514269        2.8619616879
C          5.6812756030       -2.6218517449        1.8470760946
C         -5.3195000946       -3.8930831013        1.5353863481
C         -5.4221767945       -5.2608566538        1.3462033563
C         -6.2760905982       -5.7715125915        0.3832356406
C         -7.0766012816       -4.9198756094       -0.3582047806
C          6.4845929569       -0.7438553105       -2.5865294435
C          7.3268580098       -0.6388105699       -3.6828065649
C          8.5350651468       -1.3060164173       -3.7026399618
C          8.8919759075       -2.1026015765       -2.6245285760
C         -9.3798702278       -0.9701578480       -0.3986634571
C         -9.7335999082        0.1571601707        0.3223414716
C         -8.8771256576        0.6639648605        1.2850386254
C         -7.6377847673        0.0830312351        1.4942395600
H          2.1143418970        4.7542396939       -0.3689324673
H          2.1273431706        7.2171500253       -0.4928866718
H         -2.1235083063        7.2475400000       -0.0015783841
H         -2.1171896246        4.7732364724        0.1203132935
H          1.2477893987        9.3283975161       -0.4951965983
H          3.5904190528        2.2284034533       -0.2187617743
H          5.7332579911        0.9924607140       -0.3537558227
H          3.5956617510       -2.7046118354       -0.2017643733
H          1.4604392536       -1.4553900229       -0.0615093522
H         -3.5912731519        2.2245924565        0.2704476741
H         -5.6939854179        1.0234426734        0.5224360049
H         -3.5392863289       -2.6849806389        0.5500396587
H         -1.4529581343       -1.4558133817        0.2974865804
H          8.9915439591       -4.5338269702        1.4583915346
H          7.6273298726       -4.8283876667        3.5157284158
H          5.5153917793       -3.5553114677        3.7562372930
H          4.7676336816       -2.0626886711        1.9701671075
H         -4.6678216309       -3.4924321971        2.2956916188
H         -4.8302235816       -5.9269200498        1.9535436712
H         -6.3417096719       -6.8359987122        0.2247469905
H         -7.7785950899       -5.2937809690       -1.0859589058
H          5.5359153417       -0.2314001666       -2.5926273095
H          7.0244856099       -0.0323023793       -4.5220246754
H          9.1964209884       -1.2241590877       -4.5500067857
H          9.8179387493       -2.6550700686       -2.6144335820
H        -10.0444706655       -1.4084026666       -1.1256260972
H        -10.6910225301        0.6214745785        0.1482666618
H         -9.1708682540        1.5162136400        1.8769174481
H         -6.9755425602        0.4644105531        2.2553197202
