C          0.0012701616        4.6117683505        0.0178870609
C          1.2052761954        5.3156550744       -0.0261620120
C          1.2133490182        6.6934708445       -0.0130816758
C          0.0096264180        7.3899047094        0.0450427631
C         -1.1976914333        6.6961798240        0.0894496614
C         -1.2007126881        5.3193994515        0.0756932532
S         -0.0428739609        9.1501475659        0.0650356696
C         -0.0002949481        3.1533212427        0.0050102193
N         -1.1767743032        2.5272090502        0.0095059000
C         -1.1307122342        1.1964750479        0.0124663050
N         -0.0016555774        0.4905267426       -0.0131935680
C          1.1282570682        1.1954302325       -0.0301142921
N          1.1754866191        2.5259842777       -0.0093473630
C          2.3909867357        0.4627712311       -0.0732723878
C          2.3936773175       -0.9231059345       -0.2337939626
C          3.5841476559       -1.6162143661       -0.2823504433
C          4.7948957201       -0.9352046447       -0.1640224935
C          4.7958428671        0.4492651260        0.0003831854
C          3.6043672603        1.1413041649        0.0416907291
C         -2.3939328820        0.4640738950        0.0492947069
C         -2.3968081309       -0.9213266298        0.2137296856
C         -3.5873481341       -1.6141671098        0.2629049580
C         -4.7978463739       -0.9334844486        0.1405129630
C         -4.7985695493        0.4500547172       -0.0309826610
C         -3.6069214572        1.1420779064       -0.0720025740
N         -6.0154019662       -1.6420046519        0.1929889201
C         -6.8762202000       -1.6604799317       -0.9075102469
C         -8.0812615848       -2.3705330161       -0.8271512040
O         -8.4526131158       -3.0708670819        0.2982236507
C         -7.5901922004       -3.0466507823        1.3707477331
C         -6.3802988719       -2.3407810036        1.3468743489
N          6.0126015604       -1.6435841758       -0.2110234412
C          6.3791948744       -2.3509691097       -1.3591312706
C          7.5908342813       -3.0540323097       -1.3772239821
O          8.4531435552       -3.0677517714       -0.3044347871
C          8.0811045910       -2.3574828139        0.8144091480
C          6.8743097484       -1.6498323140        0.8890902690
C          8.9516047428       -2.3850380407        1.8880271453
C          8.6330113565       -1.7222780831        3.0642542086
C          7.4310647018       -1.0504211395        3.1608139834
C          6.5561636905       -1.0187210379        2.0857702023
C         -6.5587146975       -1.0394142419       -2.1095732446
C         -7.4324465095       -1.0837675332       -3.1851467433
C         -8.6324997225       -1.7582508687       -3.0834680100
C         -8.9505702971       -2.4106628844       -1.9012950170
C          5.6073454170       -2.3429519728       -2.5148996409
C          6.0043102977       -3.0493658505       -3.6398910483
C          7.1838850067       -3.7662896998       -3.6348899607
C          7.9821158837       -3.7587163490       -2.5004061198
C         -7.9793859688       -3.7435642325        2.4994730499
C         -7.1808700635       -3.7402298965        3.6337996993
C         -6.0031994231       -3.0201925916        3.6329784780
C         -5.6082752122       -2.3216247274        2.5023847869
H          2.1296167107        4.7626237115       -0.0723406575
H          2.1506143143        7.2280113280       -0.0479986661
H         -2.1248653173        7.2469926310        0.1349148016
H         -2.1280358354        4.7707866659        0.1115062430
H          1.2728567619        9.3385877601        0.0122447861
H          1.4507492435       -1.4391652660       -0.3163544323
H          3.5881274071       -2.6888742696       -0.4034160162
H          5.7359857005        0.9729088090        0.0849801325
H          3.5922908231        2.2129115030        0.1588350441
H         -1.4540360747       -1.4369991165        0.3003704769
H         -3.5917921782       -2.6862757012        0.3887834015
H         -5.7384405583        0.9734277369       -0.1202757523
H         -3.5948346911        2.2133140797       -0.1932718482
H          9.8719814238       -2.9371582225        1.7840965974
H          9.3191955101       -1.7471225117        3.8953171611
H          7.1591596780       -0.5473558949        4.0754160838
H          5.6127783032       -0.5055322339        2.1816545750
H         -5.6168409922       -0.5240629568       -2.2089500360
H         -7.1611453798       -0.5884658637       -4.1041685668
H         -9.3176803446       -1.7930118678       -3.9150000703
H         -9.8695988457       -2.9642007430       -1.7930319086
H          4.6924414965       -1.7729233934       -2.5392083785
H          5.3823131448       -3.0284068650       -4.5209245609
H          7.4959062032       -4.3206880435       -4.5051995896
H          8.9195459138       -4.2905731486       -2.4676944014
H         -8.9154219965       -4.2781143275        2.4711628654
H         -7.4912132635       -4.2886778264        4.5084551618
H         -5.3810921050       -2.9906147020        4.5136831234
H         -4.6948348984       -1.7490729827        2.5219622338
