C          0.0165812633        4.6081136011        0.3293654154
C         -1.1824253997        5.3113358131        0.4447306324
C         -1.1811236494        6.6809079978        0.5987754587
C          0.0277177712        7.3689416760        0.6390311543
C          1.2303312924        6.6761643480        0.5236140096
C          1.2233698375        5.3075311511        0.3702988961
S          0.0922223035        9.1189157546        0.8339694123
C          0.0080797443        3.1566921910        0.1653792094
N         -1.1691759828        2.5418679552        0.1064938941
C         -1.1346784947        1.2163764491       -0.0590723921
N         -0.0019118314        0.5169795477       -0.1807444330
C          1.1268464514        1.2117116724       -0.0904923140
N          1.1838318457        2.5311020083        0.0881234255
C          2.3900720248        0.4794989872       -0.1856198933
C          2.3966620810       -0.8658417294       -0.5521375022
C          3.5852738839       -1.5601808636       -0.6326177105
C          4.7880920663       -0.9209460836       -0.3388265006
C          4.7857435868        0.4236168468        0.0269911452
C          3.5964792976        1.1179838331        0.0986343450
C         -2.3915034909        0.4959537215       -0.1017860542
C         -2.4174134902       -0.8928983541       -0.2501177503
C         -3.6061415853       -1.5794683979       -0.2897144264
C         -4.8350076934       -0.9067038207       -0.1926455552
C         -4.8010004631        0.4824000631        0.0104878018
C         -3.6091106270        1.1638826045        0.0478891025
N         -6.0313583218       -1.5923224960       -0.2521997093
C         -6.1001757909       -3.0062240545       -0.2116213386
C         -6.8706958807       -3.5907957035        0.7968537008
O         -7.6139700698       -2.8101041874        1.6535279861
C         -8.0199838472       -1.6141313349        1.1051883973
C         -7.2681340974       -0.9993015690        0.1004043613
N          6.0044168032       -1.6333801158       -0.4071901818
C          6.4603636514       -2.1465592615       -1.6233196944
C          7.6676439217       -2.8564113678       -1.6616997618
O          8.4389932703       -3.0630133600       -0.5399452489
C          7.9749487484       -2.5481164035        0.6496808495
C          6.7690270932       -1.8410223833        0.7429662405
C          8.7497767747       -2.7738458944        1.7718559006
C          8.3346517691       -2.3130636837        3.0129531917
C          7.1334671816       -1.6418632658        3.1212813752
C          6.3539146666       -1.4119905725        1.9978972963
C         -5.4851671251       -3.8219506529       -1.1521091303
C         -5.5541205511       -5.1990075249       -1.0254859989
C         -6.2512262648       -5.7705643919        0.0255562307
C         -6.9322288874       -4.9694052229        0.9256269680
C          5.7818503748       -1.9378903973       -2.8179745413
C          6.2667870056       -2.4542844875       -4.0099306448
C          7.4418495643       -3.1781160337       -4.0312572539
C          8.1466228024       -3.3709536187       -2.8518045039
C         -9.2102664882       -1.0511604951        1.5377917935
C         -9.6723204804        0.1103288270        0.9434959936
C         -8.9753332802        0.6771524810       -0.1101176546
C         -7.7821997601        0.1208165724       -0.5392767691
H         -2.1106537832        4.7636943345        0.4114946389
H         -2.1151778667        7.2149439552        0.6876023245
H          2.1620528449        7.2204132369        0.5550642216
H          2.1471586213        4.7593558057        0.2779392786
H         -1.2226372001        9.3100152116        0.8962396548
H          1.4576090046       -1.3507818763       -0.7654677241
H          3.5926543170       -2.6025776420       -0.9132446021
H          5.7210031226        0.9153374277        0.2482177181
H          3.5812456624        2.1602131091        0.3746054639
H         -1.4814904640       -1.4236004898       -0.3241716686
H         -3.5820645505       -2.6538789401       -0.3654999222
H         -5.7156798718        1.0283560379        0.1709974659
H         -3.5989802980        2.2310524034        0.2032626781
H          9.6731690914       -3.3179089669        1.6532391903
H          8.9465585244       -2.4918582544        3.8822859816
H          6.7875268851       -1.2934499726        4.0817872906
H          5.4097226079       -0.9009353793        2.0988337879
H         -4.9562300989       -3.3731832025       -1.9780222350
H         -5.0588100285       -5.8246288596       -1.7508571732
H         -6.2891162376       -6.8427499105        0.1330376425
H         -7.5141864009       -5.3900541976        1.7297474678
H          4.8714172823       -1.3600047174       -2.8171802454
H          5.7167932488       -2.2796894841       -4.9213014374
H          7.8222251618       -3.5847265956       -4.9543590747
H          9.0773011386       -3.9152638001       -2.8343746452
H         -9.7541893631       -1.5350169209        2.3329471634
H        -10.5920093889        0.5549997527        1.2884529554
H         -9.3580979454        1.5573751384       -0.6016309660
H         -7.2455932648        0.5495966626       -1.3708003791
