C         -0.0005878957        4.5937254801       -0.0106344081
C          1.2032480391        5.2992096661       -0.0013267615
C          1.2088300242        6.6770956137       -0.0074737155
C          0.0028424324        7.3718909958       -0.0231318427
C         -1.2043143368        6.6764853732       -0.0322917653
C         -1.2048796572        5.2996843941       -0.0260909476
S         -0.0529273452        9.1320887008       -0.0320264006
C         -0.0001549358        3.1353510283       -0.0050139567
N         -1.1756305706        2.5080738596        0.0215985175
C         -1.1289693150        1.1775464581        0.0089119250
N          0.0006582958        0.4719619049        0.0025112753
C          1.1299319594        1.1781300392       -0.0073556036
N          1.1758380945        2.5086481738       -0.0273878733
C          2.3949653140        0.4478804912        0.0069224370
C          3.6009778586        1.1246318916       -0.1757056356
C          4.7954872464        0.4368082359       -0.1550469587
C          4.8049151790       -0.9407602509        0.0584825730
C          3.6016135408       -1.6202430690        0.2420593006
C          2.4075287536       -0.9319534220        0.2118397278
C         -2.3937512063        0.4467552340       -0.0020766696
C         -2.4061839438       -0.9332859523       -0.2054581904
C         -3.6001700342       -1.6218043256       -0.2340293719
C         -4.8034007336       -0.9423177916       -0.0500850133
C         -4.7940474873        0.4353955786        0.1624595774
C         -3.5996478766        1.1234917966        0.1812512590
N         -6.0250045259       -1.6456171546       -0.0824557895
C         -6.8475240822       -1.6948180336        1.0458261955
C         -8.0626353586       -2.3892261354        0.9824014742
O         -8.4812626819       -3.0432886074       -0.1542279722
C         -7.6576780368       -2.9861089147       -1.2557484715
C         -6.4389372828       -2.2951833169       -1.2483362548
N          6.0266292970       -1.6437894146        0.0920396279
C          6.4393136552       -2.2938411009        1.2580881693
C          7.6575435583       -2.9856595089        1.2662673275
O          8.4817727611       -3.0434371206        0.1652672764
C          8.0645483051       -2.3886173616       -0.9714559634
C          6.8499124369       -1.6934492756       -1.0356954993
C          8.8968794234       -2.4595568698       -2.0729171688
C          8.5315141262       -1.8534030834       -3.2660510583
C          7.3218495843       -1.1938387376       -3.3501906335
C          6.4850518198       -1.1186694646       -2.2472872167
C         -6.4812811521       -1.1205537553        2.2572341889
C         -7.3171555614       -1.1955934435        3.3608494879
C         -8.5272157676       -1.8545401394        3.2775879903
C         -8.8940109213       -2.4600824773        2.0845802677
C          5.7072976765       -2.2387058782        2.4381740980
C          6.1499359395       -2.8881826251        3.5803304909
C          7.3360539140       -3.5940794374        3.5676718194
C          8.0944831058       -3.6332812957        2.4067769626
C         -8.0957855021       -3.6334530135       -2.3959672114
C         -7.3380186931       -3.5948664664       -3.5573182162
C         -6.1513684254       -2.8898883559       -3.5707037920
C         -5.7075426306       -2.2407071701       -2.4288324002
H          2.1293709927        4.7473881211        0.0126668730
H          2.1459405979        7.2129790215        0.0001568462
H         -2.1332752272        7.2260135585       -0.0447746388
H         -2.1320440309        4.7497053381       -0.0352204885
H          1.2635226625        9.3225721545       -0.0210734245
H          3.5811098263        2.1916403338       -0.3284660117
H          5.7302111748        0.9589124436       -0.2926711435
H          3.6139533988       -2.6879504871        0.4005541625
H          1.4698407750       -1.4469053115        0.3458095240
H         -1.4685238135       -1.4481845838       -0.3398520195
H         -3.6125569459       -2.6896298030       -0.3916820046
H         -5.7286519465        0.9576048673        0.3006451584
H         -3.5800033684        2.1907287531        0.3329296817
H          9.8249861609       -3.0000442816       -1.9767850510
H          9.1880655407       -1.9120906425       -4.1190723518
H          7.0142398375       -0.7344882011       -4.2764224148
H          5.5350879858       -0.6156664583       -2.3320041768
H         -5.5310747170       -0.6178453210        2.3411425680
H         -7.0085160650       -0.7365662236        4.2868986955
H         -9.1830167909       -1.9131176521        4.1311871526
H         -9.8225408682       -2.9999441356        1.9890863605
H          4.7877585933       -1.6764052817        2.4675172122
H          5.5583443521       -2.8314217097        4.4805257342
H          7.6836818232       -4.1040157212        4.4515665199
H          9.0354884332       -4.1582677098        2.3662546160
H         -9.0371866514       -4.1576716324       -2.3548661846
H         -7.6865731369       -4.1045409719       -4.4409920804
H         -5.5602616541       -2.8335948189       -4.4712409459
H         -4.7876418481       -1.6790271977       -2.4587421088
