C          6.4700981960       -0.0012578307       -0.0029768834
C          7.1689938460        1.0793723976       -0.5385174423
C          8.5481645048        1.0821275964       -0.5454673909
C          9.2575995352        0.0005080519       -0.0224443840
C          8.5569032026       -1.0815534253        0.5112688194
C          7.1777495417       -1.0806035220        0.5235061606
N          5.0703567073       -0.0029090987        0.0047488282
C          4.2748452789       -1.1060906179       -0.1086200496
C          2.9616972543       -0.7158359412       -0.0655989939
C          2.9607730297        0.7059287562        0.0863878882
C          4.2733367556        1.0987019489        0.1224904560
C          1.7660578421       -1.5509646506       -0.0866966352
C          0.7503230094       -1.3142578046        0.8404023035
C         -0.4161116275       -2.0490372300        0.8098201443
C         -0.5943131067       -3.0256942736       -0.1641075970
C          0.4218297314       -3.2910845953       -1.0719743576
C          1.5970365748       -2.5639692312       -1.0265108963
C          1.7645308956        1.5402941693        0.1092750549
C          0.7496863299        1.3049919213       -0.8191576792
C         -0.4150362763        2.0425388551       -0.7910851234
C         -0.5924598072        3.0205191178        0.1816725757
C          0.4218369384        3.2827483482        1.0924905915
C          1.5954968602        2.5529136130        1.0494435464
N         -1.8132311873       -3.7632784801       -0.2391266561
C         -1.8213444359       -5.0344132655        0.3280258222
C         -2.8954163762       -5.9186221160        0.2006342246
S         -4.3449219471       -5.5131484554       -0.7383377793
C         -4.1771784094       -3.7513815558       -0.8702374003
C         -2.9564359440       -3.0980547925       -0.6727871748
N         -1.8082046940        3.7639935361        0.2507828925
C         -1.8084418490        5.0326547039       -0.3221216197
C         -2.8808703268        5.9205078004       -0.2065213606
S         -4.3386179206        5.5235144811        0.7231880204
C         -4.1766875893        3.7620744018        0.8652017818
C         -2.9564195825        3.1043669229        0.6796504602
C         -5.3111972504       -3.0545752411       -1.2514246683
C         -5.2587072983       -1.6916653055       -1.4854329129
C         -4.0488160052       -1.0380531265       -1.3490932151
C         -2.9196202706       -1.7283876128       -0.9476882494
C         -0.7208549043       -5.4704012849        1.0702120104
C         -0.6830182609       -6.7315499943        1.6361608105
C         -1.7546084054       -7.5937633297        1.4970269565
C         -2.8636698824       -7.1740462057        0.7836613155
C         -5.3153293971        3.0702222341        1.2416142099
C         -5.2682830378        1.7083152535        1.4825449591
C         -4.0592484186        1.0506881960        1.3581194721
C         -2.9252788046        1.7360016226        0.9615863210
C         -0.7013367500        5.4623529143       -1.0581462048
C         -0.6558062139        6.7208310516       -1.6294485596
C         -1.7258796020        7.5866876691       -1.5019913405
C         -2.8412769497        7.1732226514       -0.7949277786
C         10.6727961269        0.0008573017       -0.0334833121
C         11.8735932600        0.0020367069       -0.0442002421
H          6.6298157672        1.9103014253       -0.9658174262
H          9.0872669333        1.9190094718       -0.9629808696
H          9.1028646627       -1.9175686614        0.9215328266
H          6.6456065390       -1.9123005699        0.9580579842
H          4.6848442490       -2.0895230710       -0.2185734008
H          4.6818813859        2.0829755851        0.2303150772
H          0.8841067955       -0.5522366070        1.5932212479
H         -1.1992682750       -1.8673183316        1.5315571082
H          0.2818384572       -4.0647463019       -1.8121780535
H          2.3810236678       -2.7623131944       -1.7415215498
H          0.8831692144        0.5423888455       -1.5714538279
H         -1.1972476328        1.8624374170       -1.5142590631
H          0.2820555439        4.0567209739        1.8324112199
H          2.3784958861        2.7494128383        1.7660577065
H         -6.2325207735       -3.6026190790       -1.3800332647
H         -6.1468348062       -1.1580835274       -1.7836955967
H         -3.9772502041        0.0208019771       -1.5450002451
H         -1.9886475998       -1.1932369808       -0.8537254517
H          0.1202491744       -4.8084710235        1.2014845997
H          0.1909015868       -7.0331634114        2.1925829908
H         -1.7351727491       -8.5785779461        1.9355689447
H         -3.7178819088       -7.8220081470        0.6570958137
H         -6.2360750471        3.6213713727        1.3607474847
H         -6.1600100532        1.1786715529        1.7770466167
H         -3.9919099817       -0.0073191280        1.5600736315
H         -1.9950138671        1.1980076571        0.8769421803
H          0.1389660072        4.7976954392       -1.1803649098
H          0.2232959961        7.0176649488       -2.1802476276
H         -1.7002722349        8.5696106028       -1.9443902079
H         -3.6945254544        7.8241531195       -0.6774483969
H         12.9225816178        0.0026295168       -0.0537966674
