C          6.1968673740        0.0046060866       -0.0073487682
C          6.9000348076        0.8138405855        0.8834008632
C          8.2791677749        0.8177248575        0.8797413083
C          8.9835178603        0.0074168794       -0.0114768805
C          8.2781612342       -0.8042578887       -0.9006495061
C          6.8990237136       -0.8031702696       -0.9002153961
N          4.7976051344        0.0032730094       -0.0053492310
C          4.0017462896       -1.0605625231       -0.3071995592
C          2.6843304561       -0.6881802742       -0.1925472263
C          2.6837648866        0.6912910000        0.1867544908
C          4.0006968524        1.0658342125        0.2984702540
C          1.5380677590       -1.5705284997       -0.3661069994
C          0.4252811968       -1.4771475306        0.4708623919
C         -0.6554594746       -2.3190594982        0.3026891381
C         -0.6377069768       -3.2786051090       -0.7034314149
C          0.4691268543       -3.3923800825       -1.5326536712
C          1.5465629279       -2.5443434139       -1.3637844469
C          1.5366099485        1.5720501829        0.3633115124
C          1.5421672624        2.5389954711        1.3675857703
C          0.4634094784        3.3846616299        1.5400163436
C         -0.6410468441        3.2759277558        0.7069463509
C         -0.6552394863        2.3241043562       -0.3065254977
C          0.4262070346        1.4836186936       -0.4772774670
N         -1.7495773864       -4.1539531358       -0.9016646368
C         -2.7647991146       -3.7189184781       -1.7452868119
C         -3.8323555655       -4.5327879248       -2.1343510367
S         -3.9613564478       -6.2331562995       -1.6429815783
C         -2.7700101354       -6.3053225554       -0.3290188890
C         -1.8074392241       -5.3107899272       -0.1337622519
N         -1.7542814639        4.1491117769        0.9074183844
C         -2.7856322687        3.6972983364        1.7220017590
C         -3.8617896200        4.5026835350        2.1051961720
S         -3.9833099849        6.2128421695        1.6468892953
C         -2.7557561983        6.3187542306        0.3691080689
C         -1.7916055394        5.3265568629        0.1702480661
C         -2.8084997924       -7.4319389307        0.4745497519
C         -1.8757191701       -7.6156077192        1.4805437923
C         -0.9013553963       -6.6542550055        1.6724254029
C         -0.8716374951       -5.5194951119        0.8823534374
C         -2.7413263846       -2.4149271909       -2.2462842687
C         -3.7308483511       -1.9450375998       -3.0904621929
C         -4.7863266163       -2.7603225547       -3.4533591578
C         -4.8303966513       -4.0551919153       -2.9664864295
C         -2.7701844835        7.4677402039       -0.4030030872
C         -1.8124747948        7.6755372866       -1.3804692009
C         -0.8383625533        6.7148627152       -1.5769366625
C         -0.8320855036        5.5584336286       -0.8184025409
C         -2.7701940325        2.3843581723        2.1994605245
C         -3.7766974508        1.8970158428        3.0131215731
C         -4.8411261361        2.7037231886        3.3688465767
C         -4.8762886662        4.0079522899        2.9068845366
C         10.3987288755        0.0087205202       -0.0135430200
C         11.5995822397        0.0096809828       -0.0151705895
H          6.3639355492        1.4273500285        1.5904299862
H          8.8223972057        1.4431291821        1.5718728738
H          8.8206070540       -1.4285266683       -1.5944195401
H          6.3620775186       -1.4177261487       -1.6056910565
H          4.4122609730       -2.0287749623       -0.5117678414
H          4.4099142969        2.0347548165        0.5023009958
H          0.4142245565       -0.7430020657        1.2618787658
H         -1.5178462246       -2.2428774329        0.9486766177
H          0.4744850727       -4.1423614075       -2.3095140428
H          2.3994079726       -2.6251364115       -2.0199333855
H          2.3934864886        2.6157796261        2.0262137937
H          0.4662028361        4.1292372710        2.3220680496
H         -1.5156416693        2.2524310721       -0.9556464668
H          0.4178186753        0.7545907821       -1.2730661260
H         -3.5732441909       -8.1709698609        0.2881430128
H         -1.9110529527       -8.5009894442        2.0948971387
H         -0.1561439919       -6.7790699649        2.4428156404
H         -0.1040683087       -4.7810231573        1.0500889822
H         -1.9285982379       -1.7616007923       -1.9720365939
H         -3.6711679326       -0.9332804576       -3.4610138007
H         -5.5643495247       -2.4027870961       -4.1087347602
H         -5.6358062074       -4.7208059167       -3.2386010417
H         -3.5368316290        8.2043573864       -0.2148499916
H         -1.8292679690        8.5782161801       -1.9699220555
H         -0.0751027651        6.8571781267       -2.3263257622
H         -0.0648565277        4.8203899225       -0.9896651819
H         -1.9502184755        1.7376507981        1.9312674567
H         -3.7229173097        0.8785463193        3.3657681387
H         -5.6325228430        2.3326360233        4.0002346505
H         -5.6879216309        4.6675227550        3.1752261442
H         12.6486113567        0.0106126409       -0.0167310249
