C          6.1791501351       -0.0252703449       -0.0024986118
C          6.8758630181       -1.0162747952        0.6866204788
C          8.2550596835       -1.0293753346        0.6801499807
C          8.9656260368       -0.0479118446       -0.0117027372
C          8.2665927973        0.9451243874       -0.6987840071
C          6.8873771411        0.9543747708       -0.6961808605
N          4.7789440764       -0.0138756095        0.0013412024
C          3.9733875209       -1.1114454842        0.0435633978
C          2.6591389497       -0.7111001572        0.0268556926
C          2.6716426995        0.7187108672       -0.0204090000
C          3.9915860395        1.0972937669       -0.0389099542
C          1.5044721194       -1.5962032190        0.1109011819
C          0.3823866874       -1.2469587585        0.8623071582
C         -0.7059801926       -2.0936754875        0.9407632661
C         -0.6847663942       -3.3128488840        0.2764349380
C          0.4334687082       -3.6813818638       -0.4614634743
C          1.5158344199       -2.8281891502       -0.5435136441
C          1.5320694021        1.6244482485       -0.1000341203
C          0.4239516492        1.3162998468       -0.8899149428
C         -0.6509564635        2.1791618623       -0.9626226808
C         -0.6323478478        3.3718451710       -0.2482145622
C          0.4708527287        3.6979495406        0.5277882866
C          1.5437988199        2.8303430169        0.5989329969
N         -1.8126922692       -4.1874097150        0.3551479161
C         -1.8350893921       -5.1078462361        1.3961982385
C         -2.8787364261       -6.0159907482        1.5951232825
S         -4.3148836608       -6.0769829336        0.5542512165
C         -3.8680014802       -4.9523958783       -0.7435817764
C         -2.7280366158       -4.1452245751       -0.6895971263
N         -1.7406137441        4.2725305967       -0.2978926064
C         -1.7583045824        5.2173644615       -1.3166904333
C         -2.7154286857        6.2326995708       -1.3970466302
S         -3.9621016552        6.4680060095       -0.1555981425
C         -3.8606403242        4.9360814009        0.7345568256
C         -2.7856443904        4.0542238210        0.5918634006
C         -4.7381995786       -4.8908779597       -1.8188825162
C         -4.5130811107       -4.0128953659       -2.8647686931
C         -3.4043249323       -3.1893967710       -2.8173182686
C         -2.5277720372       -3.2569931284       -1.7497261871
C         -0.7744526645       -5.1487527566        2.3051975316
C         -0.7545227495       -6.0443765497        3.3588389073
C         -1.7930138129       -6.9387838454        3.5361137749
C         -2.8518455153       -6.9182417362        2.6451337286
C         -4.8899598974        4.6723911138        1.6220357031
C         -4.8711950661        3.5346590568        2.4099692791
C         -3.8074516198        2.6596918484        2.2952659709
C         -2.7860302324        2.9131253684        1.3980424951
C         -0.7851129353        5.1771701966       -2.3182724832
C         -0.7703634254        6.0966504814       -3.3512606902
C         -1.7365271987        7.0823127816       -3.4247624050
C         -2.7085492286        7.1417275806       -2.4411624349
C         10.3808272247       -0.0594891973       -0.0164872478
C         11.5816640235       -0.0681523895       -0.0215665106
H          6.3352959660       -1.7665422229        1.2422384338
H          8.7933457088       -1.7959245793        1.2167311594
H          8.8136784571        1.7029150381       -1.2388923037
H          6.3553893109        1.7132451940       -1.2483735800
H          4.3761039047       -2.1033619137        0.0805367334
H          4.4094380427        2.0829695812       -0.0752111513
H          0.3687353815       -0.3080590601        1.3941291296
H         -1.5751727986       -1.8201748639        1.5201307667
H          0.4420278188       -4.6331874126       -0.9719800252
H          2.3760573049       -3.1100090675       -1.1309909941
H          0.4113673825        0.3959736305       -1.4534710173
H         -1.5099417541        1.9375632270       -1.5713149547
H          0.4773344238        4.6284966824        1.0755312174
H          2.3943262094        3.0790616024        1.2148363674
H         -5.6018966928       -5.5389226832       -1.8181000316
H         -5.1999223108       -3.9735916107       -3.6950252821
H         -3.2114351943       -2.4873296511       -3.6137833997
H         -1.6695056253       -2.6047421467       -1.7330803308
H          0.0479340129       -4.4620962415        2.1838641004
H          0.0824726818       -6.0376837887        4.0398181998
H         -1.7873960563       -7.6427987639        4.3527139210
H         -3.6807061362       -7.6012885707        2.7562237773
H         -5.7002407591        5.3821959381        1.6956601654
H         -5.6744086268        3.3445217564        3.1037673496
H         -3.7658435771        1.7694083983        2.9037083977
H         -1.9668364292        2.2162327765        1.3224620584
H         -0.0242727911        4.4139911355       -2.2811067044
H          0.0030969427        6.0340487678       -4.1010907145
H         -1.7366139141        7.8012497648       -4.2283328241
H         -3.4702574463        7.9066438253       -2.4622290235
H         12.6306404462       -0.0768387897       -0.0251037973
