C          6.4048121684        0.0062849029        0.2279022525
C          7.1217292069        1.0316607441       -0.3875336160
C          8.4975858221        1.0683414969       -0.3025890221
C          9.1874961830        0.0762790777        0.3951547023
C          8.4696350732       -0.9512810045        1.0081540735
C          7.0934253777       -0.9838507507        0.9276831700
N          5.0102227533       -0.0285263615        0.1446401343
C          4.2398803089       -1.1548076276        0.1348197324
C          2.9212022036       -0.7947039589        0.0298462398
C          2.8843660218        0.6358576829       -0.0005450739
C          4.1876979042        1.0588678995        0.0607999250
C          1.7644977704       -1.6765840749       -0.0655891120
C          1.6144508094       -2.7606698189        0.7957646018
C          0.4638132370       -3.5265889986        0.7688531307
C         -0.5470866027       -3.2225701528       -0.1316429900
C         -0.3821585777       -2.1814843321       -1.0383400497
C          0.7642167922       -1.4157400864       -1.0031451688
C          1.6863831075        1.4642178121       -0.0306880205
C          1.6410069807        2.6538617659       -0.7524415155
C          0.4876530755        3.4076959508       -0.8232052927
C         -0.6831195610        2.9888866260       -0.1852626405
C         -0.6134082564        1.8403044695        0.6095270483
C          0.5444041110        1.0982980609        0.6808927041
N         -1.7692012582       -3.9619165015       -0.0990603872
C         -2.8333207664       -3.3931076394        0.5918919986
C         -4.0634040547       -4.0360686566        0.7586272760
S         -4.3726302428       -5.6817256238        0.1698503701
C         -2.9639970884       -5.9567132056       -0.8739934401
C         -1.8523355302       -5.1098595945       -0.8764724050
N         -1.8575165799        3.7280501363       -0.2610523485
C         -3.0424697679        3.3364515636        0.3913045323
C         -3.7044633382        4.2394991223        1.2211806312
S         -3.0282104425        5.8697534931        1.4296884628
C         -2.4648067914        6.0722055800       -0.2437808263
C         -1.9471645426        4.9689702656       -0.9209044138
C         -3.0053333952       -7.0846065665       -1.6757677614
C         -1.9360863520       -7.4134739835       -2.4909114435
C         -0.8237721338       -6.5929609831       -2.4987188135
C         -0.7862038283       -5.4578531467       -1.7096497930
C         -2.6945155657       -2.1271788968        1.1681805391
C         -3.7284767799       -1.5288544870        1.8648248786
C         -4.9455780600       -2.1700886594        1.9980053247
C         -5.1036116304       -3.4267231452        1.4398722476
C         -2.5649413786        7.3068104105       -0.8637427876
C         -2.1567284581        7.4488705390       -2.1775852067
C         -1.6913924827        6.3475687156       -2.8784041526
C         -1.6014926241        5.1129279552       -2.2617673939
C         -3.6161079865        2.0868654850        0.1722631580
C         -4.7860058207        1.7315155365        0.8179378098
C         -5.4110373812        2.6236066080        1.6752376393
C         -4.8789130516        3.8861430386        1.8651984766
C         10.5996088352        0.1120149708        0.4807316910
C         11.7980680490        0.1402380126        0.5520596313
H          6.5984885261        1.7914194993       -0.9468476221
H          9.0500815268        1.8622220986       -0.7821496103
H          8.9998441621       -1.7177634227        1.5529940971
H          6.5460902633       -1.7703377803        1.4233298894
H          4.6742478527       -2.1343363890        0.1286730075
H          4.5712416566        2.0575865268        0.1190489751
H          2.3903882885       -2.9797504365        1.5135714031
H          0.3332942617       -4.3496166010        1.4557103086
H         -1.1650731160       -1.9701598159       -1.7518682011
H          0.8875032616       -0.5982412595       -1.6968508713
H          2.5222230388        2.9898841268       -1.2789173347
H          0.5062162305        4.3380858493       -1.3683177875
H         -1.4661803396        1.5355606778        1.1961867230
H          0.5687154065        0.2246775803        1.3154991873
H         -3.8864975937       -7.7076801010       -1.6420181221
H         -1.9771494671       -8.2990036280       -3.1046558436
H          0.0242682907       -6.8289781946       -3.1228277928
H          0.0879088741       -4.8265507874       -1.7333180412
H         -1.7563945848       -1.6040774413        1.0751711915
H         -3.5738893664       -0.5539363969        2.3015781447
H         -5.7600345971       -1.7101163282        2.5345218133
H         -6.0363488516       -3.9616856881        1.5379223407
H         -2.9559747492        8.1448530433       -0.3080178134
H         -2.2208560662        8.4127560546       -2.6570992858
H         -1.4037290577        6.4471260893       -3.9135030894
H         -1.2633953641        4.2492846893       -2.8134560248
H         -3.1331897769        1.3967604348       -0.5025831698
H         -5.2109519149        0.7546819616        0.6457571682
H         -6.3199286923        2.3437352961        2.1839624424
H         -5.3602575583        4.6019822057        2.5132787005
H         12.8447430511        0.1670306007        0.6163166341
