C          6.5683977210        0.0002398269       -0.0019440642
C          7.2704565036        1.1596668151       -0.3276105022
C          8.6495163462        1.1625659892       -0.3238365510
C          9.3557134196        0.0034761841       -0.0000689019
C          8.6518523855       -1.1573265178        0.3223356500
C          7.2727051947       -1.1576490465        0.3241428376
N          5.1694880736       -0.0006365693       -0.0017765377
C          4.3735444789       -1.0664606822       -0.3092350013
C          3.0614656476       -0.6856371523       -0.2065893474
C          3.0617602395        0.6837726094        0.2069986608
C          4.3738459495        1.0649057943        0.3072801444
C          1.8532004314       -1.4459538752       -0.5063218111
C          1.6434038570       -2.7260327267       -0.0015629432
C          0.4394675372       -3.3745630376       -0.2093055953
C         -0.5640489489       -2.7554729674       -0.9415219881
C         -0.3424023997       -1.5016979853       -1.5006861989
C          0.8527607750       -0.8522471388       -1.2775069354
C          1.8546477517        1.4450829376        0.5085255734
C          0.8548160419        0.8529903650        1.2817118167
C         -0.3395282913        1.5037551751        1.5054578773
C         -0.5601265889        2.7574087492        0.9456347501
C          0.4430223849        3.3752215070        0.2120532109
C          1.6458415131        2.7250335886        0.0030664469
N         -1.8245134202       -3.4037731379       -1.1106580474
C         -1.9237069307       -4.3490447180       -2.1269982821
C         -3.0751431006       -5.1066862960       -2.3558729333
S         -4.5274041437       -4.9572638927       -1.3476185123
C         -4.1921899866       -3.4441275398       -0.4839036702
C         -2.9124269409       -2.8847950709       -0.4143200132
N         -1.8208735676        3.4059414517        1.1131676644
C         -1.9277017161        4.3376617533        2.1408899182
C         -3.0803732140        5.0935794072        2.3694056498
S         -4.5229280536        4.9599385415        1.3449430522
C         -4.1829995475        3.4557817290        0.4673064946
C         -2.9033463176        2.8957477107        0.4023147997
C         -5.2628988573       -2.8706393641        0.1807890955
C         -5.0885729836       -1.7441439075        0.9652308076
C         -3.8208696587       -1.2093751233        1.0897730256
C         -2.7534318000       -1.7686732319        0.4115703775
C         -0.8367088414       -4.5695780432       -2.9767328917
C         -0.8863493725       -5.5113210919       -3.9881657306
C         -2.0334386104       -6.2536781918       -4.1973759694
C         -3.1286233445       -6.0375732537       -3.3795209791
C         -5.2486057156        2.8904964189       -0.2123404567
C         -5.0685720998        1.7723014259       -1.0073763857
C         -3.8005276872        1.2371215277       -1.1265823378
C         -2.7383488406        1.7877408834       -0.4332196071
C         -0.8475025055        4.5460772219        3.0022328240
C         -0.9053153288        5.4739369203        4.0260244308
C         -2.0537231745        6.2142728541        4.2353459095
C         -3.1419014481        6.0107172819        3.4048982450
C         10.7709187156        0.0060156937        0.0009603232
C         11.9717813808        0.0098214806        0.0010022102
H          6.7333150849        2.0546364074       -0.6000447137
H          9.1914572647        2.0607920956       -0.5784639486
H          9.1954251967       -2.0543664548        0.5776987261
H          6.7371829798       -2.0539061129        0.5955725163
H          4.7835012442       -1.9975374774       -0.6449044510
H          4.7840353625        1.9961394639        0.6421806246
H          2.4163336931       -3.2003614056        0.5839134604
H          0.2657328879       -4.3575701872        0.2023151151
H         -1.1184393268       -1.0387930592       -2.0928166499
H          1.0192469891        0.1256011916       -1.7033505105
H          1.0208562812       -0.1247695558        1.7079162171
H         -1.1157545874        1.0420714081        2.0983114634
H          0.2695533406        4.3579199526       -0.2003642937
H          2.4185109801        3.1976820953       -0.5841062411
H         -6.2340436002       -3.3328335119        0.0856237533
H         -5.9289654084       -1.3051360328        1.4784978219
H         -3.6556014948       -0.3440359814        1.7130915078
H         -1.7750661221       -1.3318913881        0.5290895680
H          0.0639534601       -3.9929677690       -2.8385435606
H         -0.0204760419       -5.6564416931       -4.6154643808
H         -2.0830169106       -6.9895683253       -4.9838124521
H         -4.0408370642       -6.5984524852       -3.5170228701
H         -6.2201470375        3.3524974893       -0.1204000214
H         -5.9050035405        1.3397620260       -1.5324617849
H         -3.6310549790        0.3781051354       -1.7574749927
H         -1.7595158441        1.3506777698       -0.5458732156
H          0.0541175266        3.9711295723        2.8630829915
H         -0.0447399239        5.6100967154        4.6625746994
H         -2.1094979344        6.9396092801        5.0311330116
H         -4.0544786989        6.5711890771        3.5416639504
H         13.0207931525        0.0111737387        0.0016583915
