C          6.3170997083       -0.1832875660        0.4051621287
C          7.0332904171       -1.1975062887       -0.2282387871
C          8.4088164250       -1.2400798405       -0.1364184668
C          9.0971281054       -0.2651034765        0.5863847834
C          8.3791238140        0.7514770753        1.2170874494
C          7.0032132799        0.7898884363        1.1296459933
N          4.9206000086       -0.1426235518        0.3146104204
C          4.0965159021       -1.2255534742        0.2267476159
C          2.7953801209       -0.7959376421        0.1569352512
C          2.8339795003        0.6327618657        0.2003333444
C          4.1559177276        0.9863706385        0.2997880145
C          1.6064008892       -1.6233268518       -0.0074009894
C          1.4421882169       -2.7977667826        0.7233151492
C          0.2986498566       -3.5611383993        0.5815521590
C         -0.6938530692       -3.1654138755       -0.3042491997
C         -0.5267660378       -2.0116819850       -1.0626240898
C          0.6113987101       -1.2471054043       -0.9105790165
C          1.6834891592        1.5279777559        0.2143639910
C          1.6824105913        2.7077454337       -0.5261490871
C          0.5763292975        3.5366717048       -0.5283093698
C         -0.5424947236        3.2019085183        0.2216439742
C         -0.5410734332        2.0425423020        0.9897538864
C          0.5609260049        1.2127309777        0.9810501196
N         -1.8736372952       -3.9595019462       -0.4278759587
C         -3.0476179742       -3.4871076094        0.1498429823
C         -4.2168743682       -4.2517321492        0.2089299348
S         -4.2727369082       -5.9413655630       -0.3315087819
C         -2.8347438088       -6.0067492326       -1.3688969071
C         -1.8165752311       -5.0536765067       -1.2851909835
N         -1.6802175219        4.0637502338        0.1976746755
C         -1.6696368494        5.1545058838        1.0611988725
C         -2.6342180970        6.1644462734        1.0207676695
S         -3.9311067845        6.1793195246       -0.1901402582
C         -3.9038412007        4.4881421966       -0.7280853712
C         -2.7967914064        3.6581512992       -0.5260836009
C         -2.7466897308       -7.0742810498       -2.2458966762
C         -1.6322506233       -7.2367854942       -3.0503222114
C         -0.6111316052       -6.3078662518       -2.9756185062
C         -0.7064460513       -5.2298312860       -2.1147091929
C         -3.0936762576       -2.2104122651        0.7154201952
C         -4.2527930326       -1.7098500557        1.2798844119
C         -5.4099056940       -2.4656589432        1.2925641197
C         -5.3812284971       -3.7412999692        0.7567238374
C         -5.0169091858        4.0439227550       -1.4209876035
C         -5.0502120580        2.7709787874       -1.9629404542
C         -3.9486777810        1.9505180232       -1.8087509022
C         -2.8434856760        2.3852098887       -1.1000282213
C         -0.6649565903        5.2685067811        2.0251257763
C         -0.6178567124        6.3410050928        2.8968725983
C         -1.5856081562        7.3269643332        2.8470123553
C         -2.5969504441        7.2269077374        1.9074957075
C         10.5088700059       -0.3054311536        0.6775525703
C         11.7067306912       -0.3392745791        0.7557460308
H          6.5117350679       -1.9430608402       -0.8078233635
H          8.9618973389       -2.0247238589       -0.6301256682
H          8.9085555932        1.5046482954        1.7807692883
H          6.4555969532        1.5673280870        1.6390401934
H          4.4780766569       -2.2264638598        0.2237146136
H          4.5909708709        1.9636261847        0.3556421044
H          2.2077216671       -3.1006582205        1.4213027916
H          0.1657469650       -4.4656889768        1.1561631230
H         -1.2935781713       -1.7220556492       -1.7663065016
H          0.7401848091       -0.3537368007       -1.5026497834
H          2.5471850730        2.9636233713       -1.1191558300
H          0.5706849568        4.4457727592       -1.1110186054
H         -1.4071157653        1.8000155356        1.5882608461
H          0.5608504054        0.3150910362        1.5806127183
H         -3.5591432338       -7.7846101507       -2.2759140562
H         -1.5682447080       -8.0789201910       -3.7206118256
H          0.2678617893       -6.4132594001       -3.5925588738
H          0.0960189196       -4.5103029895       -2.0786513508
H         -2.2036379987       -1.6020499326        0.7207172971
H         -4.2455961945       -0.7191405399        1.7077232172
H         -6.3202735895       -2.0797598063        1.7226037502
H         -6.2603103200       -4.3679040980        0.7733110021
H         -5.8498936599        4.7195594094       -1.5448049748
H         -5.9195729070        2.4367072363       -2.5061690602
H         -3.9438586944        0.9602256303       -2.2375744252
H         -1.9958351007        1.7271385628       -0.9964759024
H          0.0932822997        4.5041680563        2.0869699374
H          0.1806481059        6.3970168403        3.6204794209
H         -1.5589789801        8.1652747461        3.5245851379
H         -3.3649337482        7.9825627712        1.8386127595
H         12.7531706458       -0.3687781676        0.8231168300
