C          6.5917051573        0.0013331500       -0.0018206116
C          7.2960438930       -1.1092616414       -0.4638492869
C          8.6752399153       -1.1101153319       -0.4599302725
C          9.3792559129        0.0029415186        0.0007262132
C          8.6731136028        1.1152109335        0.4600347395
C          7.2939031841        1.1127773919        0.4614131677
N          5.1919273492        0.0003370022       -0.0028390187
C          4.3967429495       -1.0934775218        0.1851768285
C          3.0847077283       -0.7059189518        0.1190221046
C          3.0837021740        0.7033111836       -0.1264995457
C          4.3952229626        1.0929107470       -0.1915362591
C          1.8732303183       -1.5156090013        0.2013823244
C          1.6530770730       -2.4125941615        1.2423915719
C          0.4427281381       -3.0728364244        1.3562859829
C         -0.5560002508       -2.8556075415        0.4173844571
C         -0.3233256950       -2.0088553971       -0.6607077786
C          0.8781059929       -1.3407816185       -0.7614212684
C          1.8713258011        1.5116823055       -0.2086513113
C          0.8761117147        1.3349325197        0.7537090593
C         -0.3251185054        2.0036091398        0.6545434965
C         -0.5575055519        2.8530261255       -0.4214547942
C          0.4408489931        3.0712195961       -1.3605766460
C          1.6509732549        2.4103050932       -1.2482304267
N         -1.8260795406       -3.4907678430        0.5659604007
C         -2.8979705232       -2.6915331274        0.9530857710
C         -4.1916723054       -3.1916815735        1.1302480869
S         -4.5712283992       -4.9213097691        1.0209298345
C         -3.1201506680       -5.5438001010        0.2114689362
C         -1.9493578454       -4.7913351237        0.0873696244
N         -1.8270529826        3.4901585001       -0.5664988814
C         -2.8995845652        2.6932610043       -0.9564176362
C         -4.1950663745        3.1923814087       -1.1229717704
S         -4.5791550506        4.9195876215       -0.9933898396
C         -3.1199123578        5.5418732111       -0.1985424917
C         -1.9476104213        4.7900017537       -0.0853575841
C         -3.1964779971       -6.8362114721       -0.2795954860
C         -2.1064149183       -7.4246416421       -0.8965034663
C         -0.9402686303       -6.6948007667       -1.0307846030
C         -0.8670810942       -5.3984700577       -0.5547795244
C         -2.7065821782       -1.3292027099        1.1990672630
C         -3.7559837498       -0.5008878708        1.5521245938
C         -5.0372115860       -1.0036681702        1.6700651652
C         -5.2438980900       -2.3564189872        1.4652840577
C         -3.1925304532        6.8339659924        0.2939947314
C         -2.0976932607        7.4225319451        0.9022376418
C         -0.9302539348        6.6930177014        1.0263970113
C         -0.8604454374        5.3972119864        0.5484741216
C         -2.7065793559        1.3336883169       -1.2161498043
C         -3.7558033280        0.5064602529       -1.5722828654
C         -5.0384886366        1.0077788422       -1.6801530766
C         -5.2469263713        2.3581207139       -1.4617448117
C         10.7945147128        0.0036759285        0.0020302580
C         11.9953727088        0.0045717047        0.0031489681
H          6.7611040260       -1.9660581085       -0.8426773925
H          9.2186207481       -1.9703565905       -0.8205812370
H          9.2148675818        1.9760592132        0.8216879985
H          6.7572794982        1.9689694432        0.8392362564
H          4.8074164229       -2.0671426886        0.3601377218
H          4.8045198945        2.0672456877       -0.3660072950
H          2.4224896455       -2.5665175426        1.9837668691
H          0.2601440556       -3.7493868117        2.1777584333
H         -1.0963448418       -1.8671998361       -1.4019281759
H          1.0531747886       -0.6741420296       -1.5922405171
H          1.0510750850        0.6667126140        1.5832703051
H         -1.0980697642        1.8606383156        1.3955792309
H          0.2583277997        3.7494253521       -2.1806989989
H          2.4202576680        2.5654339031       -1.9894847969
H         -4.1230741557       -7.3773221397       -0.1602313682
H         -2.1745341258       -8.4356541129       -1.2648616200
H         -0.0774681364       -7.1285304161       -1.5121647813
H          0.0486924665       -4.8430569110       -0.6797396416
H         -1.7170178020       -0.9102429689        1.1152299626
H         -3.5662458047        0.5468227184        1.7282522628
H         -5.8635953340       -0.3617859019        1.9298670673
H         -6.2269862716       -2.7883839987        1.5782157239
H         -4.1204942398        7.3745659150        0.1831687255
H         -2.1632744420        8.4331814094        1.2720410257
H         -0.0637253038        7.1265361681        1.5012218991
H          0.0565771481        4.8421952207        0.6656085177
H         -1.7157449113        0.9161515248       -1.1404458437
H         -3.5646879404       -0.5391599267       -1.7589795171
H         -5.8647799689        0.3667592089       -1.9423640780
H         -6.2314082750        2.7890960319       -1.5660849891
H         13.0443942754        0.0049561295        0.0038857657
