C          6.3050694350        0.1783674109       -0.1198148385
C          7.0421783272       -0.7359611723        0.6316595067
C          8.4205724528       -0.6988549665        0.6175496932
C          9.0921925935        0.2578660768       -0.1444531702
C          8.3537848862        1.1745337265       -0.8937825650
C          6.9754749302        1.1329596889       -0.8836335116
N          4.9081397359        0.1378292019       -0.1080168394
C          4.1428397186       -0.9823348656        0.0465013671
C          2.8158517640       -0.6354217827        0.0028460648
C          2.7744964724        0.7841714317       -0.1727786354
C          4.0774377592        1.2096277848       -0.2492682252
C          1.6877058775       -1.5559898083        0.0530744883
C          1.7046398628       -2.6668753695        0.8932003985
C          0.6511947650       -3.5556514799        0.9310077673
C         -0.4670309647       -3.3790104294        0.1109809190
C         -0.5022308832       -2.2432756887       -0.7032689594
C          0.5562717828       -1.3614239239       -0.7365905705
C          1.5914327732        1.6339248303       -0.2074645451
C          0.5273118050        1.4042913878        0.6657816804
C         -0.6025018162        2.1947617235        0.6214860624
C         -0.6885488553        3.2313205307       -0.3017012294
C          0.3728474530        3.4858774887       -1.1583562894
C          1.5048373977        2.6947264790       -1.1069998803
N         -1.5401997838       -4.2615555501        0.1615480330
C         -1.5762211550       -5.3673706401        1.0328410676
C         -2.6548793657       -5.5297418973        1.9004724465
S         -3.9695457378       -4.3336458276        1.8746344808
C         -3.9542551732       -4.0487068456        0.1206149992
C         -2.7349497771       -4.0529708516       -0.5548218467
N         -1.8615971037        4.0423926132       -0.3847649249
C         -2.9605281568        3.5254832934       -1.0621550845
C         -4.1118625835        4.2762437612       -1.3177602710
S         -4.2376849438        5.9947083694       -0.8926797566
C         -2.9133165413        6.1527719591        0.2776450430
C         -1.8912939438        5.2049516737        0.3770483666
C         -5.1445079904       -3.8459236636       -0.5585495993
C         -5.1278006364       -3.6550647954       -1.9282806033
C         -3.9269094867       -3.7082186439       -2.6182108730
C         -2.7400810645       -3.9201913244       -1.9406426995
C         -0.5898186957       -6.3493054737        1.0030714374
C         -0.6470024436       -7.4238555034        1.8715198053
C         -1.7023170993       -7.5501193875        2.7612077338
C         -2.7181901934       -6.6115432015        2.7634531795
C         -2.9150763042        7.2898728491        1.0671567219
C         -1.8874591592        7.5293348579        1.9629161189
C         -0.8603555405        6.6097633143        2.0648344582
C         -0.8668362059        5.4636593232        1.2909235764
C         -2.9416358249        2.2095311279       -1.5312332882
C         -4.0219014177        1.6634151047       -2.2001551496
C         -5.1635023624        2.4119728135       -2.4165345615
C         -5.1989043829        3.7220253624       -1.9716670578
C         10.5067143009        0.2979746106       -0.1573140792
C         11.7071021079        0.3311608206       -0.1694505500
H          6.5313876494       -1.4655707782        1.2404252304
H          8.9886989632       -1.4063731662        1.2024490354
H          8.8702491540        1.9130324862       -1.4882045064
H          6.4135670043        1.8321172344       -1.4830048633
H          4.5823356813       -1.9574505270        0.1090970855
H          4.4561640686        2.2095976643       -0.3191043176
H          2.5506677161       -2.8261920341        1.5455393169
H          0.6887366390       -4.3796886417        1.6261876740
H         -1.3728656233       -2.0325678853       -1.3039458671
H          0.5051148156       -0.5059803834       -1.3939467477
H          0.5915359132        0.5994348925        1.3820802757
H         -1.4270070945        2.0129478059        1.2955414194
H          0.3008562764        4.2997258742       -1.8645167931
H          2.3233795238        2.8840369917       -1.7846363861
H         -6.0709418850       -3.8329027951       -0.0056000436
H         -6.0525371076       -3.4833671333       -2.4561632282
H         -3.9133939003       -3.5906202325       -3.6906978018
H         -1.8059626202       -3.9821656047       -2.4777488364
H          0.2207769010       -6.2570250981        0.2964535295
H          0.1328410240       -8.1690387628        1.8480820815
H         -1.7441518410       -8.3857855611        3.4417082188
H         -3.5592484429       -6.7024152053        3.4331510707
H         -3.7275398662        7.9922152294        0.9567152378
H         -1.8932983203        8.4236505735        2.5651813049
H         -0.0457868083        6.7758050689        2.7528314645
H         -0.0606213918        4.7543204364        1.3905705224
H         -2.0619664242        1.6062140201       -1.3738013272
H         -3.9641466622        0.6438017550       -2.5488500074
H         -6.0129498666        1.9927415420       -2.9314615514
H         -6.0673979309        4.3405485878       -2.1413014258
H         12.7556222814        0.3611058283       -0.1788455443
