C          6.5767612216        0.0064130024       -0.0312716242
C          7.2744688561       -0.7447869777       -0.9756946594
C          8.6536775408       -0.7476891002       -0.9823518081
C          9.3643710648        0.0062983487       -0.0479852861
C          8.6648785667        0.7606102946        0.8946403676
C          7.2857467262        0.7578863766        0.9045159480
N          5.1770466027        0.0059978928       -0.0225469737
C          4.3792959721       -1.0419209187       -0.3823775832
C          3.0680871140       -0.6709496407       -0.2433461765
C          3.0702235989        0.6806284816        0.2248691989
C          4.3827496304        1.0530198642        0.3473646526
C          1.8568416783       -1.4207622658       -0.5602514886
C          0.8564528637       -0.8017437998       -1.3111502175
C         -0.3409075020       -1.4412274947       -1.5507581269
C         -0.5641133855       -2.7104611980       -1.0285742426
C          0.4387404587       -3.3531711938       -0.3162023140
C          1.6448991498       -2.7140354726       -0.0919362829
C          1.8615057068        1.4290139876        0.5541709369
C          0.8672411469        0.8074799754        1.3111355277
C         -0.3295609884        1.4446403623        1.5596084450
C         -0.5585955531        2.7140981900        1.0405209276
C          0.4390129501        3.3599962644        0.3235363492
C          1.6447079762        2.7232034125        0.0904188205
N         -1.8270993878       -3.3492909398       -1.2154208147
C         -1.9344387340       -4.2548098709       -2.2662921409
C         -3.0931490178       -4.9914948519       -2.5251395150
S         -4.5476091006       -4.8641213558       -1.5168547019
C         -4.1929225387       -3.3993027705       -0.5807084057
C         -2.9079997305       -2.8550520419       -0.4910459599
N         -1.8229602607        3.3481237649        1.2342380804
C         -1.9271501990        4.2577206885        2.2818877198
C         -3.0894438049        4.9852958622        2.5503624626
S         -4.5557140952        4.8384438864        1.5620667585
C         -4.1949839180        3.3788576193        0.6200717326
C         -2.9058417274        2.8470167433        0.5175219607
C         -5.2550336684       -2.8492138201        0.1167569279
C         -5.0669775018       -1.7627711134        0.9528111112
C         -3.7943303613       -1.2444129646        1.0947198014
C         -2.7352803753       -1.7799406539        0.3849696774
C         -0.8479328306       -4.4551099857       -3.1216896580
C         -0.9051317975       -5.3577922075       -4.1677719167
C         -2.0592134288       -6.0801742434       -4.4062350854
C         -3.1536812536       -5.8834665627       -3.5825174506
C         -5.2582811274        2.8200681313       -0.0686583882
C         -5.0678172081        1.7374245064       -0.9090358955
C         -3.7914473553        1.2325342552       -1.0650033613
C         -2.7310121442        1.7765701298       -0.3638791717
C         -0.8332453431        4.4715686462        3.1245147251
C         -0.8865858504        5.3791020371        4.1665976686
C         -2.0439603356        6.0931595100        4.4139327909
C         -3.1457484841        5.8825004339        3.6035636400
C         10.7795880299        0.0061302186       -0.0555268142
C         11.9804409399        0.0069045601       -0.0619637255
H          6.7344022398       -1.3135514631       -1.7163638274
H          9.1917532350       -1.3285286374       -1.7161501621
H          9.2118846418        1.3413893996        1.6218381449
H          6.7545668960        1.3267590895        1.6514913093
H          4.7874612755       -1.9785146933       -0.7040262673
H          4.7940544244        1.9900018581        0.6638513561
H          1.0247705550        0.1879854409       -1.7079118701
H         -1.1172523840       -0.9592183326       -2.1269823090
H          0.2630651797       -4.3472016578        0.0671147566
H          2.4179212484       -3.2069469618        0.4779582999
H          1.0395410144       -0.1825992961        1.7052685181
H         -1.1015706493        0.9600580634        2.1395027781
H          0.2593709624        4.3544278106       -0.0569386486
H          2.4131996315        3.2184319662       -0.4835907497
H         -6.2307310996       -3.2979393114        0.0048976196
H         -5.9009132245       -1.3417568707        1.4910687964
H         -3.6187093338       -0.4104815145        1.7568171921
H         -1.7527315722       -1.3565598065        0.5160800164
H          0.0584404926       -3.8937123801       -2.9603141321
H         -0.0393570276       -5.4886197060       -4.7983399224
H         -2.1146490878       -6.7860659879       -5.2193306858
H         -4.0712123632       -6.4295663030       -3.7422747869
H         -6.2371476593        3.2589990795        0.0536864023
H         -5.9027840686        1.3092175276       -1.4399465642
H         -3.6139198235        0.4026654933       -1.7316651825
H         -1.7455707604        1.3636833738       -0.5061284132
H          0.0759381432        3.9167631786        2.9563463038
H         -0.0151976071        5.5202326396        4.7871093650
H         -2.0965255376        6.8028440155        5.2239112479
H         -4.0663393712        6.4211504386        3.7709047266
H         13.0294443325        0.0068657008       -0.0667305370
