C          6.5416757619        0.0046498584        0.0322039515
C          7.2373694353        1.1139945866        0.5101032105
C          8.6165085489        1.1200852491        0.5192158536
C          9.3290648050        0.0135514973        0.0559718680
C          8.6315540843       -1.0974350090       -0.4193408327
C          7.2524026802       -1.1001986012       -0.4337229787
N          5.1419415962        0.0003990717        0.0208648402
C          4.3474367922       -1.0960640951        0.1941942736
C          3.0346611475       -0.7103026870        0.1237392188
C          3.0327516633        0.7008030347       -0.1090891616
C          4.3443968433        1.0929032770       -0.1628018195
C          1.8302599714       -1.5310822848        0.1912698465
C          1.6285202450       -2.4599243596        1.2080276822
C          0.4324517880       -3.1479209955        1.3036002515
C         -0.5710166670       -2.9268619315        0.3705062516
C         -0.3581242697       -2.0426222450       -0.6814604258
C          0.8292871272       -1.3470910608       -0.7636954029
C          1.8266364402        1.5179950265       -0.1887378655
C          1.6335379616        2.4480643023       -1.2060162509
C          0.4387654813        3.1370407738       -1.3102062742
C         -0.5721488469        2.9157471568       -0.3852528969
C         -0.3689841572        2.0285569334        0.6661484217
C          0.8172032301        1.3319934423        0.7568576089
N         -1.8206665634       -3.6044066793        0.4992799605
C         -2.9246222302       -2.8529059409        0.8917523486
C         -4.1902111701       -3.4146879945        1.0874310960
S         -4.4813711738       -5.1628994620        1.0013699735
C         -3.0267533618       -5.7098767845        0.1453634987
C         -1.8944021679       -4.9034029955        0.0057070115
N         -1.8183840513        3.5981432091       -0.5208691352
C         -2.9232554130        2.8522433499       -0.9212673189
C         -4.1844523106        3.4207130570       -1.1258489486
S         -4.4664096099        5.1705852888       -1.0423384241
C         -3.0171041667        5.7085388564       -0.1717125993
C         -1.8899645628        4.8961893147       -0.0242810052
C         -3.0565347186       -6.9975714677       -0.3627070261
C         -1.9550934175       -7.5275869270       -1.0115379782
C         -0.8263656680       -6.7438107654       -1.1613932679
C         -0.8009421965       -5.4516036766       -0.6695606186
C         -2.7979755143       -1.4807794482        1.1248331299
C         -3.8830220712       -0.7022458818        1.4838960439
C         -5.1367532561       -1.2667395967        1.6194584526
C         -5.2789810234       -2.6296924464        1.4271211869
C         -3.0451474192        6.9950038760        0.3395667242
C         -1.9468750493        7.5179055156        0.9994507311
C         -0.8233520420        6.7282135015        1.1571713146
C         -0.7998700780        5.4371884769        0.6621598759
C         -2.8020631203        1.4795242634       -1.1535589104
C         -3.8886512085        0.7066649316       -1.5201657473
C         -5.1384357207        1.2777488704       -1.6644248755
C         -5.2749224810        2.6414524262       -1.4731271225
C         10.7442517810        0.0181816823        0.0683444188
C         11.9450601005        0.0225193852        0.0794069614
H          6.6956070294        1.9655063909        0.8911397438
H          9.1531848060        1.9792809411        0.8921858824
H          9.1799958433       -1.9531777623       -0.7830135208
H          6.7226066972       -1.9552022468       -0.8236762565
H          4.7585658714       -2.0707610059        0.3622899684
H          4.7527500477        2.0696306748       -0.3257725859
H          2.4019008539       -2.6193352615        1.9440605504
H          0.2652454680       -3.8521579954        2.1048737026
H         -1.1338909947       -1.8966607012       -1.4190976563
H          0.9895140393       -0.6539200034       -1.5755668772
H          2.4131616057        2.6084039056       -1.9352291746
H          0.2787189896        3.8430227603       -2.1114042575
H         -1.1507204987        1.8820295039        1.3973386900
H          0.9702783471        0.6372642501        1.5687860860
H         -3.9545291922       -7.5820300406       -0.2299786718
H         -1.9855341715       -8.5358986798       -1.3921704962
H          0.0438934037       -7.1317474105       -1.6677983672
H          0.0853958661       -4.8531780595       -0.8076739338
H         -1.8311416835       -1.0140585754        1.0285662860
H         -3.7425187661        0.3548696909        1.6492789703
H         -5.9907795960       -0.6642895788        1.8842385399
H         -6.2380871846       -3.1087930368        1.5550291250
H         -3.9390385523        7.5842394889        0.2004742918
H         -1.9756977861        8.5253763590        1.3824347208
H          0.0442734738        7.1105409994        1.6722895413
H          0.0822949036        4.8341109173        0.8065813314
H         -1.8383527793        1.0077866395       -1.0506056439
H         -3.7524376971       -0.3511809331       -1.6844965792
H         -5.9937348122        0.6797974763       -1.9352328104
H         -6.2305835158        3.1255466909       -1.6078196223
H         12.9940268608        0.0261445730        0.0886987486
