C          6.2126461549        0.0041511394        0.0118837164
C          6.9153424348       -1.1405454439        0.3838996436
C          8.2946005137       -1.1407601735        0.3844906653
C          8.9994063495        0.0063793569        0.0182789300
C          8.2944547583        1.1523766090       -0.3512429975
C          6.9152248790        1.1499456225       -0.3569921754
N          4.8124349595        0.0032052873        0.0088655369
C          4.0171080713       -1.0662593113       -0.2742363832
C          2.6999205368       -0.6888721376       -0.1803593098
C          2.6984136717        0.6929820150        0.1891971752
C          4.0147535347        1.0717912034        0.2886381987
C          1.5501754863       -1.5668996073       -0.3580389434
C          1.5492708047       -2.5320433897       -1.3636765058
C          0.4665992634       -3.3736126725       -1.5335896288
C         -0.6338333927       -3.2633839848       -0.6955836630
C         -0.6408804372       -2.3135015884        0.3198773242
C          0.4431754348       -1.4757607104        0.4867223569
C          1.5470618515        1.5697875815        0.3624421811
C          1.5408297920        2.5339327384        1.3690281316
C          0.4564529782        3.3740094734        1.5352965585
C         -0.6402564975        3.2633254072        0.6924479338
C         -0.6417870606        2.3147179495       -0.3241978522
C          0.4438941843        1.4783287679       -0.4872568498
N         -1.7488323755       -4.1352351536       -0.8913765002
C         -2.8087846923       -3.6642081673       -1.6571580373
C         -3.8889085190       -4.4673743847       -2.0340533509
S         -3.9710438278       -6.1961302852       -1.6411641130
C         -2.7273178016       -6.3215166674       -0.3809695070
C         -1.7672524335       -5.3267316199       -0.1759546797
N         -1.7577091649        4.1329529611        0.8842356645
C         -2.8203740581        3.6584538545        1.6440297233
C         -3.9068364205        4.4568658647        2.0127416227
S         -3.9965900039        6.1843332593        1.6159094853
C         -2.7379603866        6.3182026020        0.3715032691
C         -1.7726778791        5.3271060861        0.1732531570
C         -2.7237478908       -7.4852650807        0.3687602677
C         -1.7508429836       -7.7051764452        1.3284225801
C         -0.7812410099       -6.7411567027        1.5311184108
C         -0.7936189074       -5.5697703137        0.7959901342
C         -2.8198537201       -2.3361424686       -2.0906075943
C         -3.8580695063       -1.8312772113       -2.8520666194
C         -4.9279638856       -2.6351988243       -3.1976941998
C         -4.9353265880       -3.9553304066       -2.7819253480
C         -2.7293974845        7.4850142301       -0.3734470403
C         -1.7468267946        7.7115819412       -1.3216351791
C         -0.7725622449        6.7509554846       -1.5178809248
C         -0.7895329974        5.5767092053       -0.7874262255
C         -2.8277006921        2.3310966663        2.0798257891
C         -3.8682170408        1.8222714723        2.8354852292
C         -4.9441717155        2.6214699831        3.1730828073
C         -4.9552766068        3.9408644624        2.7550785623
C         10.4146604260        0.0076632990        0.0215641681
C         11.6155116426        0.0088324907        0.0233730194
H          6.3792520195       -2.0253235138        0.6897810540
H          8.8372892861       -2.0273633947        0.6755215700
H          8.8370607036        2.0398438689       -0.6397768563
H          6.3791395925        2.0338601592       -0.6653628950
H          4.4279334479       -2.0229391801       -0.5260694869
H          4.4234446599        2.0289067571        0.5422644217
H          2.3982100432       -2.6106550660       -2.0252970167
H          0.4641919464       -4.1171181020       -2.3166469713
H         -1.4978686897       -2.2412965401        0.9734956083
H          0.4402749205       -0.7478740414        1.2836588041
H          2.3868792424        2.6127880967        2.0343121466
H          0.4498118924        4.1166274232        2.3191679313
H         -1.4959078836        2.2423159586       -0.9815250384
H          0.4452567771        0.7512174466       -1.2849076693
H         -3.4878160344       -8.2235324711        0.1767752999
H         -1.7528835912       -8.6194614416        1.8999648728
H         -0.0073777206       -6.8924665893        2.2677614883
H         -0.0306967526       -4.8284881041        0.9725712643
H         -1.9957274367       -1.6915008863       -1.8303596818
H         -3.8248813965       -0.8011109932       -3.1717565943
H         -5.7442254870       -2.2499358500       -3.7875797914
H         -5.7491649548       -4.6136146531       -3.0466657027
H         -3.4977647517        8.2202370943       -0.1869819275
H         -1.7453019495        8.6281667594       -1.8894773641
H          0.0086577017        6.9072043295       -2.2456695434
H         -0.0228146253        4.8381601282       -0.9589286962
H         -1.9987816545        1.6900620647        1.8260066275
H         -3.8319222483        0.7927979327        3.1570565081
H         -5.7622923847        2.2331805214        3.7583842325
H         -5.7740310201        4.5955631280        3.0134949398
H         12.6645335000        0.0101611948        0.0259001619
