C          6.2772685530        0.1608146287       -0.0058006975
C          7.0014560204       -0.7055698201       -0.8230060507
C          8.3801764923       -0.6716400657       -0.8240189008
C          9.0631962329        0.2340742221       -0.0115419401
C          8.3368678055        1.1025822829        0.8040101391
C          6.9583037129        1.0639760039        0.8086992440
N          4.8786522475        0.1246072358       -0.0033057225
C          4.1101441934       -0.9826311259       -0.2093172863
C          2.7854149443       -0.6328348672       -0.1269002311
C          2.7498295849        0.7741373217        0.1260876287
C          4.0551413541        1.1911475409        0.2048970934
C          1.6434519707       -1.5345232756       -0.2045412206
C          0.5720653534       -1.3925413834        0.6782302604
C         -0.5134562789       -2.2413994272        0.6100877708
C         -0.5505412857       -3.2450589921       -0.3519244987
C          0.5161251943       -3.4059250958       -1.2252986775
C          1.6060509680       -2.5599888100       -1.1470527020
C          1.5637124277        1.6166588408        0.2062125832
C          1.4759244559        2.6386407010        1.1491403970
C          0.3446487646        3.4282681367        1.2294119617
C         -0.7137723267        3.2138002421        0.3575598315
C         -0.6273532595        2.2136317755       -0.6049428602
C          0.4995879799        1.4208179878       -0.6750247635
N         -1.6686983196       -4.1268472957       -0.4516142379
C         -1.5702356890       -5.3533710890        0.1975200718
C         -2.5069323604       -6.3768519807        0.0328062158
S         -3.8791643406       -6.2258116206       -1.0819826353
C         -3.9362986531       -4.4655472967       -1.3025388826
C         -2.8424880678       -3.6419613593       -1.0189201133
N         -1.8753734195        4.0373085088        0.4591091846
C         -3.0226924419        3.4915630914        1.0253729162
C         -4.1588477047        4.2564914341        1.3067694369
S         -4.1939283839        6.0172166529        1.0853924701
C         -2.8311921876        6.2390479170       -0.0291990092
C         -1.8415188218        5.2663550015       -0.1919116331
C         -5.1049926968       -3.9483254390       -1.8344916620
C         -5.2107527946       -2.6004641048       -2.1300568293
C         -4.1260008069       -1.7773504994       -1.8927676123
C         -2.9640388938       -2.2887259276       -1.3440712870
C         -0.5011135364       -5.5984162271        1.0626596528
C         -0.3667905207       -6.8068436710        1.7214954687
C         -1.3080879250       -7.8051066873        1.5522878111
C         -2.3817095576       -7.5784651894        0.7087714687
C         -2.7695811205        7.4444886324       -0.7071323881
C         -1.7090608745        7.7263985156       -1.5505572937
C         -0.7159544593        6.7792714717       -1.7175507592
C         -0.7863429007        5.5664654354       -1.0568243127
C         -3.0730396216        2.1341165149        1.3518199746
C         -4.2072939804        1.5625218547        1.8990510855
C         -5.3345140159        2.3273032733        2.1335426061
C         -5.2995469707        3.6786626279        1.8371030443
C         10.4779006363        0.2716718270       -0.0145195499
C         11.6783362150        0.3041749319       -0.0165912477
H          6.4815487618       -1.3943616537       -1.4702903999
H          8.9394603339       -1.3415046307       -1.4594632774
H          8.8628024534        1.8009997343        1.4371828912
H          6.4055919865        1.7245057257        1.4582504158
H          4.5443562212       -1.9547141052       -0.3289300442
H          4.4394045020        2.1841776444        0.3232944918
H          0.6003628226       -0.6176458338        1.4291773010
H         -1.3380883304       -2.1353659904        1.2998211800
H          0.4832149198       -4.1951335763       -1.9616064258
H          2.4298528191       -2.6805335133       -1.8337828015
H          2.2936668898        2.8005536032        1.8346087638
H          0.2729332940        4.2145586930        1.9660751008
H         -1.4466661346        2.0662002137       -1.2934087132
H          0.5659546067        0.6485232349       -1.4262476679
H         -5.9243479119       -4.6234642526       -2.0308151798
H         -6.1232556433       -2.2088591388       -2.5503358603
H         -4.1782241052       -0.7261038850       -2.1309446624
H         -2.1301531501       -1.6274047114       -1.1724429681
H          0.2382150392       -4.8284269784        1.2159711670
H          0.4791251457       -6.9600365125        2.3736697173
H         -1.2134276225       -8.7493693596        2.0641491643
H         -3.1310775130       -8.3393131528        0.5502748822
H         -3.5583944814        8.1647198150       -0.5502883791
H         -1.6644229618        8.6734654943       -2.0640417008
H          0.1210543801        6.9761130530       -2.3695039782
H         -0.0070476056        4.8366157187       -1.2085040489
H         -2.2050533140        1.5176318815        1.1823868282
H         -4.2042462435        0.5102167468        2.1382493173
H         -6.2258444175        1.8883061365        2.5524190148
H         -6.1537605467        4.3097245328        2.0314485428
H         12.7269704954        0.3322748373       -0.0185414636
