C          6.4173437589       -0.0060341461        0.1875706063
C          7.1649639047       -1.0080762652       -0.4298953861
C          8.5423287583       -0.9902861132       -0.3655447016
C          9.2030728922        0.0343247705        0.3130142456
C          8.4545395188        1.0390096547        0.9271225957
C          7.0768529403        1.0171122406        0.8673168342
N          5.0205141804       -0.0284489454        0.1252692061
C          4.2441731396       -1.1492333410        0.0696058897
C          2.9259324961       -0.7791919693        0.0099345223
C          2.8964053357        0.6516801883        0.0305843078
C          4.2021821020        1.0650148699        0.1065010813
C          1.7637156170       -1.6545984211       -0.0929719580
C          0.7623389887       -1.3770065764       -1.0242110318
C         -0.3849774862       -2.1410057141       -1.0700213002
C         -0.5496160493       -3.1962683633       -0.1798801624
C          0.4609719069       -3.5139732623        0.7162243633
C          1.6128080427       -2.7501037788        0.7532947279
C          1.7009139672        1.4847629276        0.0255774487
C          1.6611775482        2.7002884813       -0.6520116861
C          0.5071664997        3.4548268308       -0.7075603762
C         -0.6702848278        3.0094546060       -0.1009851953
C         -0.6053630657        1.8354122785        0.6562692182
C          0.5533850278        1.0939893463        0.7148366048
N         -1.7697767521       -3.9393378692       -0.1627572229
C         -2.8395580417       -3.3838752114        0.5300576903
C         -4.0703533420       -4.0305179213        0.6761159148
S         -4.3724419356       -5.6679981216        0.0615668447
C         -2.9523463095       -5.9288654139       -0.9701617006
C         -1.8434167645       -5.0786172347       -0.9539398382
N         -1.8495701222        3.7418293577       -0.1669398011
C         -3.0467799548        3.2991578538        0.4274593622
C         -3.7504252115        4.1486835728        1.2790530659
S         -3.1055396475        5.7747640909        1.5933280261
C         -2.4955968151        6.0719098653       -0.0494800582
C         -1.9413198590        5.0125880975       -0.7669043994
C         -2.9829740453       -7.0486446072       -1.7837398288
C         -1.9060750793       -7.3652938178       -2.5935819049
C         -0.7971158935       -6.5402912647       -2.5844687508
C         -0.7698504571       -5.4136824420       -1.7829285756
C         -2.7063904876       -2.1279219565        1.1290777895
C         -3.7470070703       -1.5415114379        1.8259301520
C         -4.9654014991       -2.1846747462        1.9361729132
C         -5.1174058533       -3.4323683511        1.3568010385
C         -2.5987794983        7.3351867785       -0.6079083641
C         -2.1575135658        7.5508478399       -1.9008611510
C         -1.6575048404        6.4936132050       -2.6441896140
C         -1.5644946206        5.2301672675       -2.0892919653
C         -3.5904518278        2.0526654151        0.1286792154
C         -4.7748756022        1.6474794812        0.7155284626
C         -5.4440039031        2.4865867763        1.5928854234
C         -4.9398339988        3.7457995357        1.8638112439
C         10.6166565911        0.0530022810        0.3778258802
C         11.8162731438        0.0659187218        0.4314336071
H          6.6647982766       -1.7926861164       -0.9758611393
H          9.1182061494       -1.7664047447       -0.8466805542
H          8.9620092511        1.8309988116        1.4569503053
H          6.5067238781        1.7864690020        1.3643031539
H          4.6694200939       -2.1325091073        0.0813827482
H          4.5950063442        2.0611656739        0.1375515474
H          0.8858850007       -0.5486155498       -1.7049227979
H         -1.1681918237       -1.9183322001       -1.7797441792
H          0.3301253700       -4.3469561030        1.3909141183
H          2.3895101339       -2.9806508904        1.4667712644
H          2.5470571468        3.0564019282       -1.1570613032
H          0.5306349610        4.4050770897       -1.2168645741
H         -1.4639468574        1.5092400475        1.2227690422
H          0.5735001241        0.2005799427        1.3212838562
H         -3.8622103059       -7.6750095149       -1.7636310053
H         -1.9389695952       -8.2445512747       -3.2167438217
H          0.0563252291       -6.7660847141       -3.2049743323
H          0.1019084157       -4.7788424517       -1.7936368486
H         -1.7674131116       -1.6034760939        1.0537410045
H         -3.5972624647       -0.5739144915        2.2802919572
H         -5.7853524774       -1.7330374225        2.4713030726
H         -6.0507404469       -3.9691882365        1.4374000849
H         -3.0186985988        8.1374181516       -0.0212707515
H         -2.2238605095        8.5371914640       -2.3319649174
H         -1.3452686183        6.6500754496       -3.6650170290
H         -1.2015981829        4.4009309516       -2.6767079940
H         -3.0718415530        1.4041374551       -0.5607387984
H         -5.1763293938        0.6733207520        0.4826461647
H         -6.3649497030        2.1678891044        2.0549182929
H         -5.4546185210        4.4206016164        2.5299270364
H         12.8641169642        0.0782972653        0.4789703736
