C          6.2738248997       -0.1606248065       -0.0010160121
C          6.9982912872        0.9240401451       -0.4923076426
C          8.3771745737        0.8947392104       -0.4979760036
C          9.0600181880       -0.2231073146       -0.0174062709
C          8.3334025772       -1.3092664911        0.4715325930
C          6.9545624443       -1.2767638192        0.4820873080
N          4.8741421205       -0.1290589346        0.0062402144
C          4.0520131800       -1.2038250258       -0.1599528736
C          2.7460980025       -0.7859375009       -0.0991538516
C          2.7795866327        0.6261854368        0.1227615040
C          4.1038506399        0.9827004054        0.1767632589
C          1.5606526896       -1.6312434610       -0.1695729862
C          1.4759661184       -2.6664012083       -1.0981674438
C          0.3447506948       -3.4569954394       -1.1708029236
C         -0.7165023250       -3.2300085013       -0.3056709431
C         -0.6326325567       -2.2171714942        0.6436849781
C          0.4943917908       -1.4236441865        0.7062589853
C          1.6370322253        1.5285375266        0.1944854710
C          0.5606739861        1.3733557664       -0.6798074998
C         -0.5219459578        2.2268282965       -0.6219439582
C         -0.5509326450        3.2482892746        0.3213965571
C          0.5199681018        3.4208224239        1.1873105648
C          1.6069709932        2.5701677939        1.1192363452
N         -1.8790170098       -4.0528961843       -0.4024756492
C         -3.0193606175       -3.5155835464       -0.9904390769
C         -4.1502575427       -4.2859562639       -1.2779370511
S         -4.1848796249       -6.0437106779       -1.0336672885
C         -2.8423143067       -6.2456150994        0.1089477050
C         -1.8549380526       -5.2703321923        0.2701366696
N         -1.6638939078        4.1378711443        0.4087128536
C         -1.5608846670        5.3515857610       -0.2634525635
C         -2.4884259741        6.3850589516       -0.1099074155
S         -3.8515790580        6.2642642218        1.0196313834
C         -3.9245024077        4.5077271437        1.2642450684
C         -2.8391779050        3.6706823695        0.9875844375
C         -2.7924652579       -7.4384257568        0.8097169554
C         -1.7456057617       -7.7051279471        1.6749073430
C         -0.7541356056       -6.7558697208        1.8397310780
C         -0.8131265173       -5.5552512389        1.1560293598
C         -3.0676870614       -2.1620263230       -1.3327366080
C         -4.1951214245       -1.5992816379       -1.9027083600
C         -5.3172228926       -2.3692707821       -2.1447592981
C         -5.2842845299       -3.7168733482       -1.8314440271
C         -5.0955769433        4.0081873063        1.8076540896
C         -5.2119251550        2.6653924992        2.1217419516
C         -4.1354303712        1.8295194891        1.8913784879
C         -2.9711573307        2.3231267567        1.3314558056
C         -0.4970057891        5.5724580668       -1.1414271464
C         -0.3590943456        6.7675578791       -1.8233941153
C         -1.2915704895        7.7758564827       -1.6651119689
C         -2.3599095042        7.5730453592       -0.8089141178
C         10.4748840254       -0.2548750473       -0.0264680112
C         11.6754593617       -0.2811793966       -0.0340002400
H          6.4790325397        1.7836115209       -0.8863826853
H          8.9365254013        1.7345697602       -0.8815286958
H          8.8590246307       -2.1735197168        0.8484707211
H          6.4019050853       -2.1124068206        0.8821792886
H          4.4381242300       -2.1910602501       -0.3139914464
H          4.5361787561        1.9509055750        0.3287465420
H          2.2957405506       -2.8376647541       -1.7790004501
H          0.2751380759       -4.2532170957       -1.8969314704
H         -1.4539900352       -2.0601507137        1.3275933069
H          0.5586116508       -0.6408924097        1.4468061826
H          0.5831484847        0.5851451894       -1.4170067196
H         -1.3498176851        2.1113332106       -1.3062650104
H          0.4931396106        4.2232635488        1.9094284341
H          2.4345512921        2.7004616991        1.7997003097
H         -3.5788853856       -8.1613456562        0.6532271042
H         -1.7098459857       -8.6426081249        2.2063829127
H          0.0725805465       -6.9416261368        2.5078689556
H         -0.0355239047       -4.8231529746        1.3056674445
H         -2.2034622069       -1.5418447633       -1.1576323884
H         -4.1909455580       -0.5496800873       -2.1535363834
H         -6.2030979511       -1.9371815840       -2.5819856431
H         -6.1345122708       -4.3518499848       -2.0304497738
H         -5.9080868122        4.6931516499        1.9982831615
H         -6.1260874249        2.2876445621        2.5509775023
H         -4.1959337534        0.7820519341        2.1438177461
H         -2.1436079506        1.6524029901        1.1658259803
H          0.2351937281        4.7940780449       -1.2862982386
H          0.4825077131        6.9024262432       -2.4851146654
H         -1.1940788994        8.7097459355       -2.1951437681
H         -3.1021571996        8.3424223268       -0.6583472045
H         12.7242209872       -0.3031889544       -0.0412355241
