-0.804109 0.949739 0.049720 0.000542 0.000000
-0.723698 0.933484 0.057674 0.008844 0.000000
-0.643287 0.876135 0.083324 0.040545 0.000000
-0.562876 0.834244 0.106533 0.059221 0.000000
-0.482465 0.798127 0.159357 0.042519 0.000000
-0.402054 0.800564 0.126532 0.072905 0.000000
-0.321644 0.763467 0.144585 0.091949 0.000000
-0.241233 0.707382 0.195840 0.096777 0.000000
-0.160822 0.674523 0.223997 0.101483 0.000000
-0.080411 0.682873 0.220802 0.096328 0.000000
-0.040205 0.659882 0.260593 0.079524 0.000000
-0.020103 0.641243 0.261429 0.097326 0.000000
-0.010051 0.643219 0.262588 0.094194 0.000000
-0.005026 0.656487 0.249472 0.094043 0.000000
0.000000 0.638087 0.262992 0.098922 0.000000
0.005026 0.638765 0.268919 0.092316 0.000000
0.010051 0.631265 0.264572 0.104166 0.000000
0.020103 0.610900 0.279011 0.110088 0.000000
0.040205 0.594102 0.289131 0.116761 0.000000
0.080411 0.218266 0.688154 0.093580 0.000000
0.160822 0.153454 0.747624 0.098920 0.000000
0.241233 0.140821 0.746494 0.112685 0.000000
0.321644 0.129611 0.800079 0.070312 0.000000
0.402054 0.110690 0.838349 0.050963 0.000000
0.482465 0.133930 0.830695 0.035374 0.000000
0.562876 0.119155 0.854993 0.025853 0.000000
0.643287 0.086378 0.906937 0.006684 0.000000
0.723698 0.058921 0.932230 0.008853 0.000000
0.804109 0.069889 0.925109 0.004999 0.000000

