C          0.0014908180        3.8755906881        0.6368723805
C          0.7340123658        4.7228608864       -0.1894436062
C          0.7409803710        6.0851491230        0.0369340110
C          0.0045996864        6.6156693262        1.0885167793
C         -0.7330556189        5.7738830028        1.9136283229
C         -0.7308376964        4.4119812630        1.6930623891
S         -0.0283724344        8.3528612147        1.4212146426
N          0.0011129623        2.4911627576        0.4073717445
C          1.1177539006        1.7022486593        0.2280570425
C          0.7171709280        0.3614681019        0.0208767422
C         -0.7160268750        0.3496001893        0.0958358804
C         -1.1158693122        1.6867436048        0.3265749429
C          1.6634069801       -0.6258180119       -0.2137190933
C          3.0044881869       -0.2733519889       -0.1965762679
C          3.3930270823        1.0457010162        0.0730326631
C          2.4629116947        2.0429662360        0.2784899443
C         -2.4608159299        2.0267813244        0.3861086618
C         -3.3915166749        1.0167399788        0.2617200565
C         -3.0038383618       -0.3198258489        0.0974541666
C         -1.6628661651       -0.6603457214        0.0030684073
N          3.9921713606       -1.2413013385       -0.4479430814
C          4.0810998087       -2.4853445339        0.1412618756
C          5.2019864907       -3.1723274615       -0.3816475758
C          5.8121861310       -2.2898359581       -1.3351212489
C          5.0316655848       -1.1102069706       -1.3457745339
N         -3.9921324405       -1.3166422010        0.0257623029
C         -4.0787642262       -2.3096284848       -0.9278754410
C         -5.2015036931       -3.1257398907       -0.6537507528
C         -5.8155618136       -2.5902403831        0.5279360823
C         -5.0351498994       -1.4757849704        0.9150077285
C          5.3324429502       -0.0633200050       -2.2067191699
C          6.4381272132       -0.1956371605       -3.0241073073
C          7.2280930006       -1.3435612176       -3.0006594113
C          6.9192670309       -2.3994736526       -2.1668845925
C          5.5056982433       -4.4515823254        0.0660425048
C          4.6993707034       -5.0245905062        1.0288251763
C          3.6118102374       -4.3310970566        1.5567043018
C          3.2901268736       -3.0577157091        1.1282849519
C         -5.5032742748       -4.1970424332       -1.4846639375
C         -4.6931798036       -4.4364646932       -2.5763855831
C         -3.6039252117       -3.6124150687       -2.8535234950
C         -3.2841777543       -2.5405709853       -2.0426855493
C         -5.3394526871       -0.7557389787        2.0624563109
C         -6.4486322325       -1.1388848258        2.7912304419
C         -7.2385714248       -2.2190032434        2.4018102595
C         -6.9261070640       -2.9565400408        1.2775808419
H          1.2882156891        4.3130351007       -1.0194570673
H          1.3126141304        6.7324312154       -0.6106647183
H         -1.2992203565        6.1926824822        2.7314620389
H         -1.2860743619        3.7580374982        2.3472481719
H          0.7778534801        8.7047725596        0.4244886066
H          1.3643990694       -1.6419573585       -0.4179306926
H          4.4459595230        1.2751261500        0.1285699989
H          2.7781498640        3.0523928385        0.4904354795
H         -2.7754438426        3.0512973565        0.5078003635
H         -4.4442489510        1.2529602416        0.2808062530
H         -1.3644140133       -1.6888589327       -0.1262291958
H          4.7175790849        0.8226719436       -2.2462856284
H          6.6950221010        0.6073326279       -3.6991478724
H          8.0869919436       -1.4070067287       -3.6521139956
H          7.5210295142       -3.2959312282       -2.1600346872
H          6.3575107948       -4.9819802117       -0.3325978334
H          4.9150261348       -6.0202957369        1.3869156288
H          3.0078474917       -4.7995776150        2.3197873119
H          2.4558951203       -2.5238721771        1.5572472869
H         -6.3565019578       -4.8254776431       -1.2775963572
H         -4.9071850524       -5.2673764528       -3.2320791317
H         -2.9970175679       -3.8156220568       -3.7235157915
H         -2.4486277020       -1.8990674821       -2.2776639940
H         -4.7248275404        0.0711074978        2.3837537208
H         -6.7082920813       -0.5908801245        3.6849483146
H         -8.1003197692       -2.4843836518        2.9960114886
H         -7.5277983676       -3.8037872196        0.9844428218
