C          3.2283813213        0.0096101235        0.0007580624
C          3.9334273484        0.4121120805       -1.1356495086
C          5.3092561673        0.4135505356       -1.1360757396
C          6.0289756160        0.0341354226        0.0021069770
C          5.3176599413       -0.3751215439        1.1346406740
C          3.9402959270       -0.3939085062        1.1316721705
C          7.4789660152        0.0329550608       -0.0472326647
S          8.3159987413       -0.2794176163       -1.4300266020
S          8.3959294192        0.3585484313        1.4071475780
N          1.8347370010        0.0049383337        0.0031583883
C          1.0417395579       -0.8162962912        0.7585325990
C         -0.2687897305       -0.5355311293        0.4825813213
C         -0.2725085446        0.5287989410       -0.4778406909
C          1.0360100525        0.8199793359       -0.7525439454
C         -2.1018625905        0.9465354255        2.0466462199
C         -3.0948518366        1.7900120310        2.5183876365
C         -4.4175691913        1.3979736002        2.4724367452
C         -4.7463949203        0.1437574174        1.9785315635
C         -2.4193006211       -0.2941601996        1.5088720360
C         -3.7581500248       -0.7002522749        1.5075350315
N         -1.4264469925       -1.1382536674        1.0005151424
C         -4.3965095121       -1.4356773686       -2.4909080094
C         -2.6059801459       -4.9847338092       -0.1885234415
C         -3.5776821065        4.0346302478       -0.2704486505
C         -2.6500118226        4.9576986167        0.1885119207
C         -1.3177615683        4.6044352672        0.2620856822
C         -0.9071805529        3.3392089669       -0.1272307779
C         -3.1726939116        2.7697712853       -0.6538849404
C         -1.8223834755        2.4056733583       -0.5938055783
N         -1.4345048016        1.1217307502       -0.9973271048
C         -2.0872274702       -0.9681501311       -2.0478333417
C         -3.0708398945       -1.8185655827       -2.5267652236
C         -4.7376846528       -0.1837194358       -1.9995606845
C         -3.5435148581       -4.0677349544        0.2624380583
C         -1.2759422394       -4.6216204520       -0.2539234279
C         -0.8774281673       -3.3527540269        0.1360447671
C         -2.4171599875        0.2705036430       -1.5128337482
C         -3.7589504184        0.6670870529       -1.5211901224
O         -4.1595765377        1.9026959388       -1.0691366860
O         -4.1466652241       -1.9388654792        1.0529951743
C         -3.1505342757       -2.7992196208        0.6463464383
C         -1.8025311057       -2.4252456917        0.5950944478
H          3.4039548676        0.7014812336       -2.0285142181
H          5.8523282926        0.7165885749       -2.0178689786
H          5.8439476880       -0.7224611378        2.0105747319
H          3.4149246671       -0.7067691595        2.0189959913
H          7.3811188400        0.7586974496        2.1772046755
H          1.4503098262       -1.5601230423        1.4105963497
H          1.4400213352        1.5657797856       -1.4053313424
H         -1.0689320433        1.2556313145        2.0835755581
H         -2.8246276012        2.7578455316        2.9102895268
H         -5.1975555760        2.0549052474        2.8226116107
H         -5.7694900183       -0.1953439991        1.9399756499
H         -5.1691627160       -2.0979279967       -2.8472818941
H         -2.9240187068       -5.9699525705       -0.4897985873
H         -4.6283569681        4.2711603815       -0.3252613589
H         -2.9774918410        5.9399677045        0.4892782379
H         -0.5863936317        5.3096029312        0.6245554395
H          0.1325270921        3.0669365731       -0.0522117693
H         -1.0518915728       -1.2701537062       -2.0777806694
H         -2.7907008578       -2.7845282374       -2.9164491954
H         -5.7633632722        0.1483507251       -1.9691636331
H         -4.5927863390       -4.3119150736        0.3102229487
H         -0.5368611114       -5.3216486761       -0.6108091989
H          0.1606686540       -3.0730283455        0.0661485866
