C          3.2244683059        0.0217812113       -0.0129452396
C          3.9390450230       -0.4429688880        1.0944780507
C          5.3143588344       -0.4371269732        1.0893890816
C          6.0284835217        0.0339424965       -0.0197095896
C          5.3035027667        0.4990435485       -1.1251696647
C          3.9290632946        0.4932496085       -1.1242129405
C          7.4722824927        0.0481763848       -0.0416677998
S          8.3643045793        0.6399178218       -1.2957865512
S          8.2819556336       -0.6132548322        1.3678076750
N          1.8327571213        0.0151502127       -0.0091578196
C          1.0418660802       -0.8369023665        0.7148116310
C         -0.2694800523       -0.5478069762        0.4533227678
C         -0.2770265665        0.5552444029       -0.4642960241
C          1.0302048408        0.8585135765       -0.7303049514
C         -2.1112340679        0.8742354155        2.0611890470
C         -3.1092382129        1.6959852963        2.5600097083
C         -4.4291375778        1.2953766172        2.5061868655
C         -4.7498899798        0.0534434026        1.9773017136
C         -2.4210434044       -0.3521244435        1.4872675133
C         -3.7567112275       -0.7686445156        1.4786701488
N         -1.4239390381       -1.1727349136        0.9495076942
C         -4.4208610629       -1.3342291279       -2.5068135361
C         -2.5786191702       -4.9930564565       -0.3448475660
C         -3.5667045692        4.0690676566       -0.1427139533
C         -2.6329613031        4.9764777219        0.3345977271
C         -1.3019318984        4.6157128822        0.3929698954
C         -0.8985076985        3.3593098358       -0.0309421225
C         -3.1689443683        2.8126208190       -0.5601722923
C         -1.8196285419        2.4419740863       -0.5175983226
N         -1.4400256604        1.1670887534       -0.9567180515
C         -2.1067173971       -0.8869300687       -2.0678879949
C         -3.0966440109       -1.7197459729       -2.5644550090
C         -4.7543282871       -0.0961981160       -1.9765983525
C         -3.5209059031       -4.0968772860        0.1368247780
C         -1.2518444622       -4.6174550009       -0.4064741909
C         -0.8611275915       -3.3573949066        0.0184600978
C         -2.4289686458        0.3355651180       -1.4925826241
C         -3.7692366265        0.7369650571       -1.4803594974
O         -4.1618428577        1.9601795083       -0.9901042966
O         -4.1368912657       -1.9962925719        0.9897685269
C         -3.1358463507       -2.8368024941        0.5553231528
C         -1.7909003408       -2.4510997684        0.5093296251
H          3.4151796740       -0.7876432892        1.9707847307
H          5.8478446411       -0.7914865646        1.9581739808
H          5.8417259606        0.8561453195       -1.9894980638
H          3.3984000812        0.8337276962       -1.9981681939
H          9.5200064802       -0.3979846947        0.9312133315
H          1.4532959694       -1.6041538419        1.3371851254
H          1.4312862670        1.6299388097       -1.3543602309
H         -1.0805012766        1.1898970578        2.1054383094
H         -2.8448696961        2.6539120003        2.9793748645
H         -5.2128988163        1.9359928995        2.8774455362
H         -5.7703817061       -0.2925056846        1.9324185297
H         -5.1982557222       -1.9835883356       -2.8762420135
H         -2.8903909789       -5.9717066842       -0.6727922725
H         -4.6166478886        4.3110383830       -0.1858559584
H         -2.9545303873        5.9522678350        0.6615917458
H         -0.5656725723        5.3079094245        0.7702910261
H          0.1403986067        3.0813801620        0.0333174714
H         -1.0725216128       -1.1906335467       -2.1152687060
H         -2.8224582339       -2.6743199477       -2.9851532875
H         -5.7785617496        0.2380970240       -1.9288954757
H         -4.5679902600       -4.3504955760        0.1825919906
H         -0.5091467535       -5.3007082973       -0.7874334245
H          0.1743684847       -3.0677653009       -0.0487453288
