C          3.2207001657        0.0153729011        0.0001483657
C          3.9309543721       -1.1742683596       -0.1624752932
C          5.3084333122       -1.1663720803       -0.1613530977
C          5.9966276965        0.0331040036        0.0026915630
C          5.2963736877        1.2243303626        0.1653832569
C          3.9178495839        1.2118721789        0.1635984049
S          7.7585738238       -0.0126849557       -0.0032163911
C          1.7593849897        0.0083822437       -0.0004625822
N          1.1375871654        1.1670496839        0.1929349783
C         -0.1966409010        1.1061541293        0.1918128226
N         -0.9044513063       -0.0037860397       -0.0010390757
C         -0.1864073783       -1.1071450860       -0.1934015603
N          1.1483384869       -1.1557778625       -0.1940687086
N         -0.8653564373       -2.2715756398       -0.3490484488
C         -2.2761928341       -2.3053075894       -0.2676372696
C         -2.8998807776       -3.2450284025        0.5485952169
S         -1.9291640307       -4.4133011386        1.4636757261
C         -0.5831055431       -4.5856371968        0.3231030447
C         -0.1900754543       -3.5063070409       -0.4640627480
N         -0.8863855181        2.2641368966        0.3476356852
C         -2.2975930283        2.2841642190        0.2686307367
C         -2.9318776968        3.2176141503       -0.5466262185
S         -1.9743343424        4.3946767474       -1.4640485827
C         -0.6276838681        4.5804620862       -0.3260580350
C         -0.2228900815        3.5054462635        0.4610665563
C         -3.0599316574       -1.4300476251       -1.0084916183
C         -4.4374227539       -1.4551943190       -0.8888660136
C         -5.0493050794       -2.3714801836       -0.0488099983
C         -4.2820913301       -3.2775713623        0.6591726035
C          0.0758756529       -5.8026139940        0.2323682944
C          1.1332898454       -5.9476939650       -0.6460959285
C          1.5132110513       -4.8860181618       -1.4514792121
C          0.8478390322       -3.6758649236       -1.3715198433
C          0.0198586577        5.8037399977       -0.2373029025
C          1.0772947644        5.9595413803        0.6392898993
C          1.4685951962        4.9021125583        1.4448279063
C          0.8148192495        3.6855140422        1.3667339149
C         -3.0714426847        1.4015546470        1.0111557092
C         -4.4493317840        1.4133887517        0.8941702869
C         -5.0716284011        2.3236370805        0.0551951554
C         -4.3145506523        3.2369130863       -0.6544573175
H          3.3833469953       -2.0955360151       -0.2856252733
H          5.8624971592       -2.0843794498       -0.2860956843
H          5.8270211304        2.1559806847        0.2918791694
H          3.3585534538        2.1263516875        0.2856886730
H          7.9419596162        1.2925448127        0.1748527737
H         -2.5801025569       -0.7174263003       -1.6588452899
H         -5.0303739512       -0.7558178848       -1.4562776855
H         -6.1230620629       -2.3893868109        0.0481477727
H         -4.7375923078       -4.0096507233        1.3072761723
H         -0.2437831971       -6.6191246467        0.8605557332
H          1.6529252451       -6.8905962991       -0.7066471903
H          2.3282712896       -4.9984396302       -2.1489570768
H          1.1384823990       -2.8458096177       -1.9947182790
H         -0.3088705884        6.6166646810       -0.8654442764
H          1.5876277001        6.9075999153        0.6984558522
H          2.2831100245        5.0230905125        2.1414542613
H          1.1139909783        2.8586054552        1.9900410434
H         -2.5835710048        0.6936300888        1.6606762597
H         -5.0344054311        0.7083727529        1.4627827291
H         -6.1457031244        2.3311975289       -0.0396280851
H         -4.7784450440        3.9644072685       -1.3017991964
