C          3.0904055720        0.0067770748       -0.0130191951
C          3.8013534915        0.2422831356        1.1671171358
C          5.1763507213        0.2472963893        1.1641456858
C          5.8947530525        0.0169977836       -0.0161746313
C          5.1739021607       -0.2195781839       -1.1946254268
C          3.7997367285       -0.2247824722       -1.1951806064
C          7.3383189882        0.0196459241       -0.0377687014
S          8.2359068803       -0.2729798448       -1.3894560721
S          8.1423777137        0.3601967261        1.4845922384
N          1.7003045911        0.0031338826       -0.0107648682
C          0.9038384403       -0.6913123016       -0.8808276076
C         -0.4071872506       -0.4561926909       -0.5614889560
C         -0.4077425956        0.4529985224        0.5457576711
C          0.9030565417        0.6940132570        0.8615787606
N         -1.5411222308       -0.9679680728       -1.1868199264
C         -1.8503737114       -0.8294795293       -2.5257259292
C         -3.1846625585       -1.2423043703       -2.7423915207
C         -3.7016257023       -1.6410436251       -1.4629625308
C         -2.6535691903       -1.4587771962       -0.5329657274
N         -1.5425340276        0.9594140632        1.1739027539
C         -1.8497526780        0.8153997958        2.5129179383
C         -3.1881765048        1.2137359937        2.7308373890
C         -3.7099586885        1.6094076059        1.4523398157
C         -2.6606413965        1.4391935013        0.5215056120
C         -3.7258827822       -1.1874749306       -4.0199519863
C         -2.9387656362       -0.7186724687       -5.0534520853
C         -1.6298288195       -0.2991848945       -4.8255966342
C         -1.0681490820       -0.3468246636       -3.5638843227
C         -2.8090104367       -1.8019323378        0.8017537567
C         -4.0433563461       -2.2709396582        1.2063151195
C         -5.0943811224       -2.4203914920        0.3043889962
C         -4.9311517792       -2.1219760955       -1.0339014697
C         -3.7284063476        1.1501168890        4.0084315862
C         -2.9357145530        0.6882156052        5.0407771235
C         -1.6221463922        0.2841347078        4.8118341252
C         -1.0615955265        0.3401049989        3.5499547456
C         -2.8201558324        1.7826810979       -0.8126428761
C         -4.0594249924        2.2394728904       -1.2160418180
C         -5.1113204463        2.3771439094       -0.3132775279
C         -4.9443437362        2.0788390912        1.0245727719
H          3.2739130299        0.4007378123        2.0933429760
H          5.7066853110        0.4228272894        2.0876866876
H          5.7155709172       -0.3907638110       -2.1120249191
H          3.2718093507       -0.3879288301       -2.1204224173
H          9.3823037165        0.2581965210        1.0133767843
H          1.3064842181       -1.3440419744       -1.6271181522
H          1.3046117268        1.3492882441        1.6061359060
H         -4.7436155866       -1.5016505822       -4.1961662027
H         -3.3416207125       -0.6691481040       -6.0541391918
H         -1.0432805164        0.0724627212       -5.6526863063
H         -0.0580818323       -0.0084694522       -3.3909429246
H         -1.9963053160       -1.7120381369        1.5060175259
H         -4.1943178674       -2.5296937918        2.2438724462
H         -6.0460065258       -2.7869372837        0.6595780340
H         -5.7403532348       -2.2586392767       -1.7354568684
H         -4.7494875215        1.4527217518        4.1855158430
H         -3.3379033996        0.6321695474        6.0413762588
H         -1.0312185803       -0.0821738955        5.6381225710
H         -0.0480346366        0.0133104407        3.3757723147
H         -2.0068697572        1.7019666578       -1.5174175372
H         -4.2135809905        2.4978637305       -2.2532585503
H         -6.0668002758        2.7343571421       -0.6676008940
H         -5.7547554373        2.2062313776        1.7264532372
