C          3.0985734625        0.0132147027       -0.0036963785
C          3.8031531009        0.6730042033        1.0069737405
C          5.1785303748        0.6771667642        1.0099902690
C          5.9028177650        0.0218908059        0.0061579066
C          5.1881817187       -0.6371997280       -1.0031144475
C          3.8137302229       -0.6418886625       -1.0103137275
C          7.3471360492        0.0139010192       -0.0047547955
S          8.2505557681       -0.7808331642       -1.1315802034
S          8.1431444887        0.9151240285        1.2729210049
N          1.7073406109        0.0076319034       -0.0069712032
C          0.9159273966       -0.9536682726       -0.5757271765
C         -0.3969956840       -0.6200114946       -0.3748300341
C         -0.4045801504        0.6133645299        0.3542991747
C          0.9041797022        0.9607734881        0.5591796457
N         -1.5289868651       -1.3292074574       -0.7706981875
C         -2.6499051745       -0.7666301051       -1.3480120171
C         -3.7003471923       -1.7115136211       -1.3520953765
C         -3.1763459618       -2.9049739793       -0.7486325791
C         -1.8357732205       -2.6238028270       -0.3995892870
N         -1.5457003607        1.3092869040        0.7475028812
C         -1.8685275651        2.5993448492        0.3738500831
C         -3.2141607340        2.8626314140        0.7172888028
C         -3.7243583155        1.6628573227        1.3200921466
C         -2.6612529462        0.7322668021        1.3209763709
C         -4.9380115036       -1.3668794574       -1.8779654573
C         -5.1067888631       -0.0979631876       -2.3956954112
C         -4.0534470753        0.8132642170       -2.4201543712
C         -2.8109695778        0.4904944250       -1.9110727502
C         -1.0450190959       -3.5663392646        0.2400081239
C         -1.6055177552       -4.8001252685        0.5111228153
C         -2.9212540832       -5.0929543436        0.1586402175
C         -3.7162749250       -4.1528754723       -0.4671749428
C         -3.7699244563        4.1027189624        0.4320590588
C         -2.9851381796        5.0529253754       -0.1913566270
C         -1.6639454850        4.7778480982       -0.5376837680
C         -1.0878491175        3.5520340595       -0.2630463832
C         -2.8072052212       -0.5262448735        1.8850533669
C         -4.0468620927       -0.8651038604        2.3905229857
C         -5.1123260898        0.0317830051        2.3612185092
C         -4.9590461581        1.3021163632        1.8421214234
H          3.2712214220        1.1637737461        1.8053164672
H          5.7038475477        1.1846476002        1.8046702330
H          5.7342746270       -1.1380760480       -1.7874772020
H          3.2908353265       -1.1362025567       -1.8125481181
H          9.3854458439        0.6354212027        0.8878353440
H          1.3225530585       -1.8218335979       -1.0511567133
H          1.3001769591        1.8332774948        1.0355434023
H         -5.7495450892       -2.0789763914       -1.8793855307
H         -6.0650093971        0.1928750007       -2.7998563026
H         -4.2092016677        1.7925256869       -2.8480722272
H         -1.9966378162        1.1973533043       -1.9554714378
H         -0.0289929534       -3.3417222096        0.5265502734
H         -1.0122306005       -5.5531872621        1.0082946303
H         -3.3229778806       -6.0694124310        0.3851293063
H         -4.7388580332       -4.3777292853       -0.7305220993
H         -4.7967171288        4.3136439928        0.6905242217
H         -3.3993228361        6.0234609353       -0.4208633929
H         -1.0788695290        5.5385330233       -1.0329489153
H         -0.0677517074        3.3408096405       -0.5451888688
H         -1.9835635570       -1.2220373232        1.9327498705
H         -4.1907881727       -1.8457817427        2.8193580596
H         -6.0678515099       -0.2714544858        2.7626504521
H         -5.7802917604        2.0029915671        1.8396803325
