C          3.1011677403        0.0171235110        0.0061286827
C          3.8091804254        0.6946134589        1.0015447738
C          5.1848788141        0.7026373183        0.9933020043
C          5.9023973636        0.0152865277        0.0082579551
C          5.1882633358       -0.6570449728       -0.9891487670
C          3.8110946097       -0.6481874809       -0.9954047666
C          7.3519047279        0.0624668163        0.0284972335
S          8.1852419859        1.3629061272        0.5982472511
S          8.2714248833       -1.2951924750       -0.5820740606
N          1.7085888778        0.0110012308        0.0068075176
C          0.9169582736       -0.9676765089       -0.5298207689
C         -0.3958579973       -0.6260989664       -0.3398774924
C         -0.4020044947        0.6297895070        0.3482275689
C          0.9073959424        0.9826263216        0.5416218492
N         -1.5292892157       -1.3465335509       -0.7123191504
C         -2.6479580461       -0.8006826731       -1.3092364418
C         -3.7031758367       -1.7397900373       -1.2769559263
C         -3.1845209177       -2.9120574045       -0.6290913105
C         -1.8424482242       -2.6241687436       -0.2914252173
N         -1.5427232092        1.3412495674        0.7157489840
C         -1.8631193446        2.6168148046        0.2942376747
C         -3.2095555044        2.8939240142        0.6237036896
C         -3.7229366226        1.7172567477        1.2677244181
C         -2.6605435775        0.7865267866        1.3061231229
C         -4.9396664121       -1.4085797951       -1.8140609079
C         -5.1025237332       -0.1591076296       -2.3788211572
C         -4.0446351318        0.7452686944       -2.4382753780
C         -2.8033290813        0.4354457879       -1.9185398900
C         -1.0555076084       -3.5456933317        0.3826317342
C         -1.6215337616       -4.7656691474        0.7005008759
C         -2.9389693538       -5.0653554218        0.3601829823
C         -3.7300502054       -4.1459168509       -0.3002910192
C         -3.7627382025        4.1236414901        0.2923078956
C         -2.9748263646        5.0498508284       -0.3624527005
C         -1.6528849516        4.7609201630       -0.6944924981
C         -1.0792931429        3.5451520807       -0.3741132796
C         -2.8099163309       -0.4509240826        1.9142813985
C         -4.0519086247       -0.7706919568        2.4262871311
C         -5.1165955972        0.1252195162        2.3604142751
C         -4.9601026652        1.3761287129        1.7970565687
H          3.2817002051        1.1998587109        1.7938221560
H          5.7302256091        1.2232297674        1.7652419156
H          5.7123681997       -1.1419582905       -1.7986245966
H          3.2829691050       -1.1385605432       -1.7966101234
H          7.2594724796       -2.1559981236       -0.7153432868
H          1.3233352961       -1.8511092099       -0.9764573594
H          1.3053483202        1.8692683895        0.9897410499
H         -5.7551524955       -2.1157222454       -1.7877431114
H         -6.0597838222        0.1214532884       -2.7925222607
H         -4.1960966525        1.7087640093       -2.9021350538
H         -1.9857119889        1.1364330189       -1.9890342274
H         -0.0385235962       -3.3146050710        0.6602002252
H         -1.0317769838       -5.5023402543        1.2256039226
H         -3.3453463952       -6.0305186451        0.6238768479
H         -4.7539865714       -4.3756569557       -0.5541792694
H         -4.7899706730        4.3452473068        0.5400186338
H         -3.3869148286        6.0121136053       -0.6278823772
H         -1.0652108874        5.5027315513       -1.2147783797
H         -0.0583191546        3.3231663698       -0.6447254929
H         -1.9870409142       -1.1450801142        1.9901282170
H         -4.1985977778       -1.7353346729        2.8892099165
H         -6.0741581209       -0.1628869693        2.7681493707
H         -5.7808059900        2.0770139603        1.7659521885
