C          3.2801700300        0.5408123483       -0.6697916423
C          3.6332191036        1.4819614545       -1.6424754705
C          4.9532527450        1.6925495991       -1.9577188321
C          5.9730269113        0.9754032256       -1.3144133975
C          5.6096178745        0.0346181483       -0.3403609726
C          4.2897699868       -0.1802705514       -0.0238655411
C          7.3516169722        1.2135297556       -1.6576226085
S          7.8501381705        2.3840137040       -2.7090746254
S          8.5411875897        0.1719972604       -0.8908798320
N          1.9471015358        0.3266594466       -0.3480532461
C          0.9905384317        1.3113590237       -0.1351843165
C         -0.2436994382        0.7072953480        0.1774374854
C         -0.0279401295       -0.7134088186        0.1297055178
C          1.3375745419       -0.9049980280       -0.1852805486
C         -1.3594368487        1.4676630080        0.4830469642
C         -1.2523487237        2.8578634698        0.5078785582
C         -0.0182431685        3.4427024998        0.1730176385
C          1.0982078186        2.6929361437       -0.1354977405
C          1.8532141177       -2.1822281830       -0.3583706008
C          1.0080033732       -3.2566969240       -0.1638127559
C         -0.3369467905       -3.0745097454        0.1724923602
C         -0.8682216790       -1.8008923832        0.3079118487
N         -2.3502592594        3.6534713030        0.8352704012
C         -3.6558264397        3.1184185786        0.9288090182
C         -4.6518613835        3.6656906685        0.1156024923
O         -4.3832907706        4.7538452517       -0.6868130000
C         -3.3839619716        5.5694467335       -0.2003892395
C         -2.3702645482        5.0486411603        0.6091068616
N         -1.1640440188       -4.2102323276        0.3626819467
C         -1.4681680136       -5.0472068795       -0.7084879503
C         -2.2455584115       -6.1928442556       -0.4911319145
O         -2.7390744926       -6.5234920657        0.7526701223
C         -2.4500033316       -5.6673586838        1.7941956737
C         -1.6653583341       -4.5182482333        1.6258132706
C         -3.4267262511        6.9220809537       -0.4963962786
C         -2.4735390516        7.7705246033        0.0408391416
C         -1.5169808055        7.2762526916        0.9106492699
C         -1.4708943091        5.9239808156        1.2050072387
C         -3.9982670989        2.1197723000        1.8317401517
C         -5.2842318959        1.6066093308        1.8465578213
C         -6.2440319518        2.1005788769        0.9799588043
C         -5.9375512221        3.1496742091        0.1299752301
C         -2.9610439471       -5.9977505853        3.0344319071
C         -2.6948459814       -5.1973596021        4.1370083745
C         -1.9063811917       -4.0748780891        3.9869122430
C         -1.3923973999       -3.7389053331        2.7435473596
C         -1.0522064748       -4.7704128027       -2.0052633720
C         -1.3699810831       -5.6242188608       -3.0506555312
C         -2.1153777492       -6.7625374495       -2.8208501719
C         -2.5595247368       -7.0410140255       -1.5353344568
H          2.8611161284        2.0191627709       -2.1699701650
H          5.2213493120        2.4066320521       -2.7214028524
H          6.3774638542       -0.5161163586        0.1819312106
H          4.0297368157       -0.8835592813        0.7511647183
H          9.6042216641        0.7340711871       -1.4595023210
H         -2.2946907557        0.9714364148        0.6772955914
H          0.0676323598        4.5151074962        0.1281278745
H          2.0282364227        3.1905659459       -0.3592170465
H          2.8794360716       -2.3438089618       -0.6463934886
H          1.3824798766       -4.2624308653       -0.2791236847
H         -1.9129035959       -1.6653977766        0.5412316891
H         -4.2068677895        7.2869459622       -1.1452037925
H         -2.4983813188        8.8210103220       -0.2013800623
H         -0.8010763546        7.9434525181        1.3642072980
H         -0.7397595278        5.5409710726        1.8993855179
H         -3.2544950129        1.7503832923        2.5200585740
H         -5.5337965872        0.8177102036        2.5385728041
H         -7.2409300680        1.6893722751        0.9803834532
H         -6.6763998416        3.5782562526       -0.5281261592
H         -3.5617003043       -6.8895766180        3.1184578990
H         -3.0991169015       -5.4634114968        5.1004691206
H         -1.6802459213       -3.4501617823        4.8368861295
H         -0.7676709324       -2.8661846370        2.6399418361
H         -0.4789020259       -3.8774383223       -2.1973176232
H         -1.0296387507       -5.3871715849       -4.0466176746
H         -2.3628145122       -7.4324452356       -3.6286161031
H         -3.1556668395       -7.9144048498       -1.3232466333
