C          3.3355304802        0.6018787712        0.0495250451
C          3.8909073514        1.4591248241       -0.9065744542
C          5.2451197191        1.6856397540       -0.9322781466
C          6.0991686987        1.0692698609       -0.0054265195
C          5.5334817050        0.2112024947        0.9487475240
C          4.1795812574       -0.0205561862        0.9754542403
C          7.5160776447        1.3224127873       -0.0484304442
S          8.2317583337        2.3850605726       -1.0894593420
S          8.5080537249        0.4236989573        1.0901812679
N          1.9691747249        0.3657102471        0.0796746016
C          0.9702708190        1.3147725035       -0.0498954581
C         -0.2913118363        0.6817486135        0.0442583042
C         -0.0357969252       -0.7203771654        0.2346024884
C          1.3648189984       -0.8731890146        0.2537330913
C         -1.4587470229        1.4255161809       -0.0208150211
C         -1.3582794476        2.7989188989       -0.1833347836
C         -0.1080719350        3.4218055278       -0.2471878971
C          1.0633082054        2.6948260843       -0.1683298406
C          1.9157185771       -2.1433407488        0.3183020332
C          1.0686678637       -3.2236132205        0.4539708525
C         -0.3289190705       -3.0825893141        0.5253054583
C         -0.8785943858       -1.8108985839        0.3633171217
N         -2.5323450104        3.5884301325       -0.2738559479
C         -3.3686425511        3.4884590086       -1.3839601081
C         -4.4996698452        4.3118177796       -1.4710280898
O         -4.8152658408        5.2381489257       -0.5000134114
C         -3.9811222440        5.3135133349        0.5949165623
C         -2.8475480183        4.5008603071        0.7306422144
N         -1.1469608782       -4.1983121466        0.6966824639
C         -2.5459001280       -4.1352431401        0.5035644918
C         -3.1226125400       -5.0063068449       -0.4248330381
O         -2.3576725280       -5.9576258268       -1.0646978007
C         -1.2629531154       -6.3729616847       -0.3371862596
C         -0.6593454987       -5.5206394399        0.5918465542
C         -4.3153653004        6.2278499495        1.5750753277
C         -3.5347253086        6.3462438736        2.7169525694
C         -2.4303690760        5.5335051611        2.8725239416
C         -2.0910336790        4.6148683548        1.8907946007
C         -3.1093166754        2.6149436971       -2.4332002015
C         -3.9628823214        2.5402858992       -3.5235623990
C         -5.0849159699        3.3407943160       -3.5886879344
C         -5.3480161861        4.2333704306       -2.5585264341
C         -0.7966529562       -7.6649555866       -0.5172840145
C          0.2578159506       -8.1255967634        0.2527422579
C          0.8066782303       -7.3157624594        1.2319728322
C          0.3441629130       -6.0229755265        1.4109520917
C         -3.3711004639       -3.2902942368        1.2351079528
C         -4.7290876438       -3.2422286231        0.9689795832
C         -5.2788415172       -4.0518351716       -0.0099924213
C         -4.4811480043       -4.9552493877       -0.6915595895
H          3.2552993347        1.9156062064       -1.6486014076
H          5.6720970455        2.3338535399       -1.6823043630
H          6.1680558619       -0.2619140826        1.6830159694
H          3.7569719922       -0.6603097920        1.7336668567
H          9.6668968771        0.9595166127        0.7171154985
H         -2.4255376764        0.9525163580        0.0547783548
H         -0.0676191499        4.4952587729       -0.3531222749
H          2.0163230752        3.1983885947       -0.1891480996
H          2.9791733898       -2.3042669611        0.2407070957
H          1.5044003444       -4.2084037167        0.4656948805
H         -1.9429016721       -1.6626209286        0.2978060427
H         -5.1927238936        6.8375177341        1.4277295655
H         -3.8017749502        7.0653775262        3.4745780149
H         -1.8222057108        5.6044145284        3.7607639358
H         -1.2323913694        3.9767488471        2.0265808396
H         -2.2293712568        1.9926195234       -2.3989103558
H         -3.7381937886        1.8502655726       -4.3218840007
H         -5.7538280267        3.2860616400       -4.4325095110
H         -6.2079784197        4.8837553731       -2.5836188089
H         -1.2679746788       -8.2875854373       -1.2608493592
H          0.6298086001       -9.1264577539        0.1021014817
H          1.5993223200       -7.6885609278        1.8612799557
H          0.7571186399       -5.3974012880        2.1864497044
H         -2.9440832965       -2.6744510430        2.0108766297
H         -5.3571231651       -2.5678734958        1.5296465427
H         -6.3335654256       -4.0015822179       -0.2288124802
H         -4.8901485579       -5.6237781341       -1.4321228047
