C          3.3143453908        0.5315059890        0.0850498786
C          3.8918534751        1.5163811529       -0.7196182430
C          5.2504483421        1.7293198340       -0.6883719929
C          6.0781618581        0.9673034837        0.1466045505
C          5.4881173460       -0.0178845085        0.9504287134
C          4.1308073043       -0.2335728169        0.9215944399
C          7.5062878163        1.1761677643        0.1903927673
S          8.5447792416        0.2343618130        1.0582543761
S          8.1277989612        2.5231358333       -0.7477068568
N          1.9389190004        0.3132200566        0.0528199734
C          0.9605351664        1.2901617518        0.1025169937
C         -0.3130271479        0.6786465061        0.0523005154
C         -0.0846120754       -0.7369429696       -0.0360523513
C          1.3170864375       -0.9196899301       -0.0309221584
C         -1.4656615866        1.4486697805        0.0965232424
C         -1.3343347020        2.8231757996        0.2188952637
C         -0.0708105520        3.4170865940        0.3114794422
C          1.0848407540        2.6646147765        0.2546415388
C          1.8708548479       -2.1849537423       -0.1730568806
C          1.0115470167       -3.2599318853       -0.2754757106
C         -0.3770410483       -3.0914068003       -0.2368772638
C         -0.9362799959       -1.8281222431       -0.1243198680
N         -2.4894621888        3.6426659716        0.2661062917
C         -2.7581385606        4.5391332464       -0.7666674765
C         -3.8918564372        5.3592292694       -0.6914819668
O         -4.7720487793        5.3053914960        0.3680381232
C         -4.4955480865        4.4031641300        1.3728104629
C         -3.3654782565        3.5744663486        1.3479772628
N         -1.2142794004       -4.2308639893       -0.3304787478
C         -1.2125318507       -5.1882094960        0.6822795594
C         -2.0041024509       -6.3367146240        0.5486140190
O         -2.8073797202       -6.5545258161       -0.5500349403
C         -2.7995736787       -5.5931913190       -1.5380583086
C         -2.0108292923       -4.4375747974       -1.4555807877
C         -5.3831931657        4.3548298985        2.4303691085
C         -5.1604966970        3.4889886591        3.4922744865
C         -4.0381221192        2.6862633847        3.4900451180
C         -3.1454468332        2.7304331524        2.4297891550
C         -1.9538928921        4.6304079373       -1.8962846875
C         -2.2473170564        5.5339850150       -2.9063348150
C         -3.3526783983        6.3544237771       -2.8100447932
C         -4.1802393381        6.2587690462       -1.6996149476
C         -3.6028585611       -5.8225619565       -2.6384426304
C         -3.6312888161       -4.9126198636       -3.6863086974
C         -2.8404719177       -3.7833954264       -3.6266349702
C         -2.0337821873       -3.5486164106       -2.5234180390
C         -0.4732040649       -5.0308049607        1.8484168084
C         -0.4904494624       -6.0026169840        2.8373397100
C         -1.2525213644       -7.1426139138        2.6828785558
C         -2.0172291246       -7.3034151435        1.5355157776
H          3.2714699583        2.0907197829       -1.3890104287
H          5.6846032970        2.4822987175       -1.3285441928
H          6.1158390336       -0.5994598961        1.6079759145
H          3.6891175193       -0.9758748188        1.5673043793
H          9.4067760177        2.3327342425       -0.4352784351
H         -2.4423707277        0.9935362030        0.0451505509
H         -0.0097708827        4.4878557193        0.4316358341
H          2.0488650537        3.1377518945        0.3483085531
H          2.9375169114       -2.3323517203       -0.2249526751
H          1.4089823179       -4.2568380943       -0.3899349194
H         -2.0075298881       -1.7015392805       -0.1141273076
H         -6.2419774076        5.0068321560        2.4067227665
H         -5.8605666220        3.4569029326        4.3116562722
H         -3.8441404877        2.0182284297        4.3146476486
H         -2.2656326302        2.1072673364        2.4453904492
H         -1.0947867095        3.9853882615       -1.9874181595
H         -1.6033125986        5.5868086468       -3.7701753253
H         -3.5849053437        7.0615919560       -3.5900782318
H         -5.0602256967        6.8741512201       -1.5991206914
H         -4.1963475053       -6.7228723962       -2.6588217887
H         -4.2634216837       -5.0995648149       -4.5395023236
H         -2.8412056518       -3.0739091664       -4.4392893568
H         -1.4108538834       -2.6690352074       -2.4942136680
H          0.1164396800       -4.1383895790        1.9844194490
H          0.0969359250       -5.8567342333        3.7303943449
H         -1.2670161287       -7.9043226445        3.4458081043
H         -2.6356669675       -8.1747914000        1.3893063477
