C          6.4991971077        0.0007100045       -0.0080305932
C          7.1969835393       -0.9363115179       -0.7684761500
C          8.5760286448       -0.9418393221       -0.7722668330
C          9.2863948273       -0.0058183064       -0.0198201104
C          8.5867649277        0.9338692171        0.7380911917
C          7.2076333381        0.9348859847        0.7459260567
N          5.1002981486        0.0028273670       -0.0019830722
C          4.3030227610       -1.0968017299       -0.1368042543
C          2.9908530998       -0.7058107368       -0.0764114690
C          2.9925461959        0.7153379631        0.0838312012
C          4.3057761901        1.1039839597        0.1373098578
C          1.7918386766       -1.5353377721       -0.0957047019
C          0.7801698161       -1.2969592319        0.8356177311
C         -0.3945235696       -2.0179352399        0.7989691667
C         -0.5844224328       -2.9831416624       -0.1841216018
C          0.4287498556       -3.2535110092       -1.0936711723
C          1.6117406851       -2.5394930537       -1.0429837133
C          1.7939384800        1.5455740029        0.1064775292
C          0.7812508985        1.3072971990       -0.8238550670
C         -0.3938829565        2.0272608272       -0.7851081153
C         -0.5833419457        2.9914871800        0.1990443866
C          0.4305046597        3.2616040206        1.1078670936
C          1.6141349462        2.5485344102        1.0550086371
N         -1.8142743450       -3.7016047406       -0.2679852154
C         -1.8478831585       -4.9715872193        0.3003375859
C         -2.9377478435       -5.8358547836        0.1699805605
S         -4.3759087066       -5.4053214175       -0.7754787485
C         -4.1738429283       -3.6476199034       -0.9135750552
C         -2.9424911252       -3.0165913536       -0.7098672032
N         -1.8145685338        3.7079064472        0.2831770116
C         -1.8521255854        4.9754201032       -0.2905384618
C         -2.9499757874        5.8317966275       -0.1755182976
S         -4.3964569660        5.3945024418        0.7539686678
C         -4.1793437034        3.6402344463        0.9103909443
C         -2.9409224729        3.0181961917        0.7226623870
C         -5.2917994886       -2.9307916403       -1.3048811156
C         -5.2122265854       -1.5697026212       -1.5418482904
C         -3.9916816053       -0.9381761732       -1.3974434105
C         -2.8783012869       -1.6483998975       -0.9868635042
C         -0.7578357151       -5.4271504731        1.0461251714
C         -0.7455489586       -6.6878957103        1.6141375301
C         -1.8328106457       -7.5299240622        1.4729090750
C         -2.9313353870       -7.0907774294        0.7548903039
C         -5.2942738537        2.9171843946        1.2990077193
C         -5.2049633900        1.5591333241        1.5494402670
C         -3.9776676550        0.9371905644        1.4217223846
C         -2.8671448991        1.6533635584        1.0137565783
C         -0.7575943778        5.4369903335       -1.0260533717
C         -0.7487732418        6.6956535663       -1.5987477953
C         -1.8439288714        7.5297616989       -1.4726889985
C         -2.9467331078        7.0845915216       -0.7650565289
C         10.7015704788       -0.0101540037       -0.0254226668
C         11.9024464714       -0.0148162880       -0.0299306221
H          6.6563811318       -1.6501307366       -1.3700830627
H          9.1146034649       -1.6668015119       -1.3636324437
H          9.1337064961        1.6563859463        1.3247514056
H          6.6754292120        1.6515541892        1.3516359964
H          4.7117516068       -2.0852674499       -0.1962851802
H          4.7167574419        2.0916359064        0.1949741720
H          0.9229490508       -0.5432135764        1.5950603932
H         -1.1759914202       -1.8330770416        1.5217510001
H          0.2794487499       -4.0189024779       -1.8406133393
H          2.3927591451       -2.7399162247       -1.7605977227
H          0.9235643844        0.5542505060       -1.5840541969
H         -1.1764657264        1.8420058674       -1.5065859596
H          0.2815109146        4.0260797872        1.8557892186
H          2.3958032537        2.7489021366        1.7719385914
H         -6.2223698833       -3.4617678876       -1.4384576184
H         -6.0880861821       -1.0205387033       -1.8480180191
H         -3.8994169483        0.1187681495       -1.5949753774
H         -1.9383215612       -1.1304587687       -0.8864631488
H          0.0953725016       -4.7810752811        1.1785895217
H          0.1209977379       -7.0051443351        2.1733981451
H         -1.8331947581       -8.5143349448        1.9127640811
H         -3.7967997220       -7.7231426845        0.6259054333
H         -6.2306090764        3.4411485091        1.4193666146
H         -6.0786802708        1.0050948776        1.8529216343
H         -3.8778571308       -0.1168783776        1.6305230313
H         -1.9217390443        1.1429924094        0.9262689144
H          0.1020966347        4.7973351908       -1.1470012183
H          0.1214104608        7.0173896886       -2.1497295328
H         -1.8472798170        8.5123906454       -1.9164836645
H         -3.8186828603        7.7104129819       -0.6483451540
H         12.9514294706       -0.0188762641       -0.0342921456
