C          6.2465050354       -0.0016096535        0.0027188330
C          6.9511676265        0.8226254545        0.8784599185
C          8.3302839630        0.8259701219        0.8729357389
C          9.0332631423        0.0003298015       -0.0052033759
C          8.3264852828       -0.8267609175       -0.8789121731
C          6.9473687597       -0.8253442950       -0.8765666418
N          4.8474510191       -0.0015866272        0.0054718905
C          4.0505376656       -1.0714366081       -0.2761322109
C          2.7352926711       -0.6934532565       -0.1694429982
C          2.7361282682        0.6929538907        0.1799825574
C          4.0518434476        1.0692641343        0.2870117895
C          1.5722636270       -1.5614497045       -0.3003417027
C          0.5124984673       -1.4585750514        0.6013896979
C         -0.5844496267       -2.2889210136        0.4964977847
C         -0.6476598824       -3.2304334774       -0.5251853846
C          0.4035919210       -3.3460974645       -1.4245676141
C          1.5067699538       -2.5223736290       -1.3072286870
C          1.5739810559        1.5623856216        0.3087308625
C          1.5082610560        2.5254443635        1.3135507337
C          0.4053942523        3.3500039272        1.4283289322
C         -0.6451810366        3.2330019577        0.5283445384
C         -0.5814462665        2.2897163344       -0.4916578423
C          0.5151156398        1.4586274794       -0.5939886202
N         -1.7719364937       -4.0997084360       -0.6555450967
C         -2.9713983516       -3.5691276244       -1.1191956076
C         -4.0831272384       -4.3658797837       -1.4104982683
S         -4.0209911949       -6.1386882342       -1.3534762797
C         -2.5875361319       -6.3889073798       -0.3385529260
C         -1.6433148340       -5.3810620248       -0.1274895247
N         -1.7703535814        4.1014892184        0.6564414051
C         -2.9689812595        3.5696406488        1.1208156927
C         -4.0839295598        4.3640353725        1.4061594679
S         -4.0285978960        6.1367183091        1.3397277860
C         -2.5905316303        6.3880973785        0.3316421262
C         -1.6429416269        5.3821542430        0.1265505884
C         -2.4268492644       -7.6488922866        0.2123075650
C         -1.3111704230       -7.9493427969        0.9740089745
C         -0.3649561717       -6.9653671315        1.1922237488
C         -0.5338029228       -5.7005915755        0.6591766869
C         -3.1034646215       -2.1941550818       -1.3286913339
C         -4.2923642118       -1.6383316654       -1.7650215993
C         -5.3947015810       -2.4376902506       -2.0022920550
C         -5.2782547848       -3.8055887365       -1.8278806199
C         -2.4303269005        7.6475463569       -0.2206024621
C         -1.3121150324        7.9494138638       -0.9780068958
C         -0.3627540664        6.9672524700       -1.1906047661
C         -0.5309286171        5.7030135984       -0.6560617678
C         -3.0967954382        2.1953041935        1.3372403634
C         -4.2844780300        1.6376096744        1.7744680417
C         -5.3899175315        2.4343819255        2.0058595090
C         -5.2777855861        3.8017440214        1.8245613324
C         10.4484569600        0.0021394665       -0.0099074884
C         11.6493294934        0.0036410399       -0.0121509094
H          6.4160084018        1.4486218192        1.5752232547
H          8.8746281401        1.4630570496        1.5534638945
H          8.8678046122       -1.4631279610       -1.5625204772
H          6.4091376976       -1.4520917822       -1.5702747729
H          4.4593273049       -2.0440407483       -0.4625518520
H          4.4618702698        2.0412925103        0.4737010819
H          0.5608375782       -0.7321962012        1.3984428768
H         -1.3964571258       -2.2179155388        1.2054416889
H          0.3502254017       -4.0865119858       -2.2088331844
H          2.3202570040       -2.6106181031       -2.0109868161
H          2.3211771446        2.6146628770        2.0178483450
H          0.3516973579        4.0919497390        2.2111261462
H         -1.3930156252        2.2176383137       -1.2009903008
H          0.5638278027        0.7308181319       -1.3896953028
H         -3.1835442769       -8.3948179578        0.0210565685
H         -1.1891452287       -8.9378854514        1.3868921323
H          0.5120788069       -7.1741445484        1.7851574546
H          0.2101388030       -4.9439836791        0.8514407469
H         -2.2567368855       -1.5497059016       -1.1562508445
H         -4.3514477050       -0.5712082651       -1.9146088107
H         -6.3286461836       -2.0118326214       -2.3324554435
H         -6.1107072347       -4.4620077139       -2.0324327412
H         -3.1896729666        8.3919568731       -0.0339749670
H         -1.1906749329        8.9375599860       -1.3920077786
H          0.5162242008        7.1770137791       -1.7803099151
H          0.2155270717        4.9477986295       -0.8440212103
H         -2.2476513344        1.5528106588        1.1694713910
H         -4.3401000395        0.5710796589        1.9294754046
H         -6.3229610220        2.0070341190        2.3366316805
H         -6.1128464524        4.4563543302        2.0242389541
H         12.6983284443        0.0039393217       -0.0180310153
