C          6.1407306491        0.1106652662        0.1540653423
C          6.8492535731       -0.9619944185        0.6924641266
C          8.2280580442       -0.9410269876        0.7205759766
C          8.9263067718        0.1563247034        0.2155077503
C          8.2153902496        1.2308202298       -0.3201071918
C          6.8367261073        1.2066182298       -0.3527979352
N          4.7410559724        0.0868734970        0.1217742328
C          3.9671729119       -1.0231204016       -0.0343362216
C          2.6424992911       -0.6591529102       -0.0217071946
C          2.6134114185        0.7596520810        0.1616045246
C          3.9224955397        1.1693060267        0.2388695658
C          1.5166822158       -1.5800402010       -0.1166331552
C          1.5837085961       -2.6802416197       -0.9717630658
C          0.5303540264       -3.5678625836       -1.0641593411
C         -0.6142560511       -3.3662379034       -0.3025380124
C         -0.6904916950       -2.2811863599        0.5605929032
C          0.3693574663       -1.4005247092        0.6557885542
C          1.4524915423        1.6402161854        0.1991392202
C          1.4367676979        2.7415047120        1.0552988643
C          0.3487111167        3.5905334889        1.0936582752
C         -0.7480797146        3.3483282305        0.2756411024
C         -0.7414804676        2.2619968663       -0.5892792040
C          0.3528025929        1.4202129178       -0.6300586041
N         -1.7126742526       -4.2752260529       -0.4050059658
C         -1.7253057930       -5.3609019995        0.4626283661
C         -2.7390246190       -6.3230506277        0.4728661552
S         -4.1473622641       -6.2502093564       -0.6045465813
C         -3.7064085433       -4.9125428575       -1.6838217532
C         -2.5998788281       -4.0886969381       -1.4583076864
N         -1.8828145625        4.2163461953        0.3218117741
C         -2.8182611636        3.9921917873        1.3247540906
C         -3.9675001226        4.7707201981        1.4894557911
S         -4.4007238342        6.0942506613        0.3897808265
C         -2.9437709068        6.2195839483       -0.6157988756
C         -1.8943647366        5.2987903587       -0.5497261431
C         -4.5477613613       -4.7014849341       -2.7631232845
C         -4.3273967025       -3.6541683607       -3.6406051867
C         -3.2533246717       -2.8133010610       -3.4190757065
C         -2.4049093719       -3.0291714520       -2.3484343986
C         -0.6854045657       -5.5228546990        1.3820161160
C         -0.6571993688       -6.5847685857        2.2675758752
C         -1.6657467244       -7.5295593662        2.2589114450
C         -2.7033237379       -7.3908943335        1.3536160184
C         -2.9058486534        7.2856893052       -1.4985617678
C         -1.8295442192        7.4638781499       -2.3501438827
C         -0.7846330066        6.5606797134       -2.3026628678
C         -0.8158044474        5.5004872366       -1.4151367252
C         -2.6299604539        2.9393975698        2.2242632015
C         -3.5266469066        2.6869800380        3.2464794820
C         -4.6445758024        3.4830941902        3.4082865587
C         -4.8581249727        4.5229834217        2.5203463025
C         10.3410537246        0.1791186925        0.2459173261
C         11.5414925483        0.1983538063        0.2713005131
H          6.3175603231       -1.8050970588        1.1051207379
H          8.7753112178       -1.7714791110        1.1402565346
H          8.7531210552        2.0790388950       -0.7158807233
H          6.2963809418        2.0321652570       -0.7890330876
H          4.3975293119       -1.9976250169       -0.1465007746
H          4.3128368396        2.1580454627        0.3711409920
H          2.4642217654       -2.8296892418       -1.5774884728
H          0.5816861649       -4.4167066298       -1.7301015143
H         -1.5796740618       -2.1376672371        1.1561467863
H          0.3122608740       -0.5673339043        1.3391232087
H          2.2797580377        2.9221696894        1.7043650194
H          0.3358126116        4.4401237880        1.7604849883
H         -1.5937802621        2.0870292632       -1.2287472974
H          0.3603127920        0.5861041562       -1.3146059512
H         -5.3855627838       -5.3689409676       -2.8992136178
H         -4.9914872223       -3.4998371276       -4.4759232578
H         -3.0657163593       -1.9816372501       -4.0805918324
H         -1.5737020431       -2.3600940683       -2.1943074615
H          0.1137568870       -4.7993935366        1.4037236970
H          0.1626853996       -6.6678179592        2.9641567734
H         -1.6532483521       -8.3626981655        2.9431871715
H         -3.5086426368       -8.1094690522        1.3218762365
H         -3.7398879973        7.9713413243       -1.5113252475
H         -1.8154303857        8.2951242726       -3.0366854545
H          0.0661306211        6.6752272345       -2.9564289905
H          0.0118402696        4.8098157059       -1.3925017327
H         -1.7650565870        2.3048897984        2.1162732507
H         -3.3422138588        1.8621486960        3.9173771848
H         -5.3471346436        3.2999318470        4.2054393310
H         -5.7283393526        5.1559065980        2.6101973794
H         12.5901559869        0.2144915487        0.2934096867
