C          6.6169504308        0.0850733153       -0.3391228306
C          7.2993342631       -0.8874670746       -1.0682363649
C          8.6771762586       -0.8740331134       -1.1279901337
C          9.4016287418        0.1168217723       -0.4645795319
C          8.7173138137        1.0924328289        0.2611161570
C          7.3397295114        1.0744986292        0.3254612134
N          5.2188646667        0.0671899763       -0.2735208716
C          4.4359724212       -1.0513621819       -0.2954978953
C          3.1221085278       -0.6754599817       -0.2073233629
C          3.1066549122        0.7530409745       -0.1307865542
C          4.4120147603        1.1643587218       -0.1725041082
C          1.9123297087       -1.4912239296       -0.2483536190
C          0.8766720618       -1.1121393462       -1.1034907988
C         -0.3264549666       -1.7843774477       -1.0924181802
C         -0.5192430348       -2.8428087977       -0.2123426876
C          0.5188088211       -3.2598048015        0.6094361699
C          1.7302942737       -2.5920641442        0.5833990746
C          1.8846882833        1.5347782406        0.0352623504
C          0.9622339720        1.1368869901        1.0039702671
C         -0.2542632253        1.7739433299        1.1208312334
C         -0.5764131823        2.8139559340        0.2563031223
C          0.3506246056        3.2490875937       -0.6804562934
C          1.5776999103        2.6178483026       -0.7825751211
N         -1.7959529370       -3.4799637024       -0.1469182343
C         -1.9778333996       -4.6327578304       -0.9031001043
C         -3.1889295781       -5.3271604006       -0.9651074329
S         -4.6410153701       -4.8109899181       -0.0850857784
C         -4.1354679935       -3.2339303975        0.5505531748
C         -2.8149160949       -2.7792635201        0.4913504402
N         -1.8669842422        3.4214090131        0.3260112271
C         -2.9438381517        2.6803810157       -0.1523360298
C         -4.2634590695        3.1402871085       -0.1075322414
S         -4.6909912013        4.7742693867        0.4347585800
C         -3.1838334638        5.2899610184        1.2165203962
C         -1.9844341010        4.5868387245        1.0767037430
C         -5.1257700626       -2.4810134012        1.1588139595
C         -4.8305623018       -1.2664653734        1.7518822745
C         -3.5225584626       -0.8229144318        1.7434467944
C         -2.5338128675       -1.5656221413        1.1250968939
C         -0.9126052516       -5.1440659306       -1.6491191560
C         -1.0396574020       -6.2974262843       -2.4014951301
C         -2.2433911805       -6.9751633575       -2.4442741262
C         -3.3164405691       -6.4768688386       -1.7264553698
C         -3.2505361379        6.4496139510        1.9703591643
C         -2.1246371753        6.9517893503        2.5989828984
C         -0.9302491948        6.2670578611        2.4765151990
C         -0.8645583783        5.1015603063        1.7350736687
C         -2.7308345089        1.4226726278       -0.7231847781
C         -3.7796736091        0.6447529618       -1.1776252339
C         -5.0818236618        1.0938836078       -1.0754761708
C         -5.3132192077        2.3509125343       -0.5457473709
C         10.8154408853        0.1319172535       -0.5265853769
C         12.0152260443        0.1437728864       -0.5758827978
H          6.7476191146       -1.6449403880       -1.6026677960
H          9.2033570400       -1.6270618947       -1.6949533771
H          9.2750667078        1.8580227441        0.7789375489
H          6.8212373923        1.8200128529        0.9078122025
H          4.8565573468       -2.0341010938       -0.3631604338
H          4.8104748265        2.1582217898       -0.1455106166
H          1.0209131622       -0.2817908076       -1.7779576647
H         -1.1316604211       -1.4843281354       -1.7469351793
H          0.3657909141       -4.0964004321        1.2746975958
H          2.5308671338       -2.9031918670        1.2373635818
H          1.2061246204        0.3198455045        1.6660421731
H         -0.9717534368        1.4602989543        1.8647975133
H          0.0993324203        4.0719398609       -1.3328539030
H          2.2907887451        2.9434192058       -1.5248153361
H         -6.1332854825       -2.8693070954        1.1676667409
H         -5.6106232349       -0.6870396730        2.2189560375
H         -3.2646366140        0.1119967459        2.2168964105
H         -1.5210189708       -1.1966020342        1.1325604255
H          0.0329153974       -4.6259835779       -1.6375135083
H         -0.1888008462       -6.6600960354       -2.9571598385
H         -2.3542210982       -7.8753312830       -3.0272304529
H         -4.2727252679       -6.9778982651       -1.7428071972
H         -4.2001775693        6.9572742424        2.0485031385
H         -2.1872570816        7.8613238307        3.1745424742
H         -0.0387553948        6.6336151957        2.9614214302
H          0.0750670685        4.5778207858        1.6613162459
H         -1.7246330519        1.0469460087       -0.8140866989
H         -3.5730349563       -0.3233310137       -1.6077219111
H         -5.9065542214        0.4864225242       -1.4119863220
H         -6.3160237426        2.7453320038       -0.4773110904
H         13.0631680635        0.1539954846       -0.6222028974
