C          6.2981253132        0.1878636372       -0.4074571748
C          6.9268842633        1.2273605703       -1.0908862400
C          8.3025680356        1.2714371013       -1.1775453600
C          9.0780362391        0.2729065673       -0.5871493259
C          8.4471717091       -0.7688250886        0.0938442701
C          7.0716328704       -0.8089275078        0.1850288576
N          4.9026256106        0.1456766473       -0.3167423453
C          4.1419515435       -0.9847725832       -0.2607176381
C          2.8179078969       -0.6322094179       -0.1844424403
C          2.7756193321        0.7971114807       -0.1747912219
C          4.0749214546        1.2284265501       -0.2693015080
C          1.6717769901       -1.5320938669       -0.1894304425
C          0.5485129661       -1.2331630963       -0.9616820160
C         -0.5470855107       -2.0714411007       -0.9645078159
C         -0.5418974751       -3.2229027448       -0.1845721889
C          0.5769103964       -3.5405016951        0.5729712189
C          1.6766169031       -2.7034402243        0.5646978522
C          1.5881862411        1.6271438504       -0.0182493965
C          0.5941880552        1.2654383436        0.8920023539
C         -0.5399123120        2.0369658685        1.0392918777
C         -0.7044419975        3.1830190964        0.2687889749
C          0.2860966555        3.5632753797       -0.6260482017
C          1.4255910398        2.7932983173       -0.7628477603
N         -1.6716040124       -4.0950922160       -0.1575987273
C         -1.6419525060       -5.1984077335       -1.0046549744
C         -2.5969387786       -6.2172167211       -0.9591828782
S         -3.9082739773       -6.2265440794        0.2360591970
C         -3.8988524431       -4.5294268393        0.7554626322
C         -2.7972833477       -3.6921570752        0.5533829666
N         -1.8780534106        3.9864258719        0.3901203847
C         -3.0599166101        3.5151668456       -0.1720990892
C         -4.2236498416        4.2879742817       -0.2337732056
S         -4.2626907567        5.9860546970        0.2811865213
C         -2.8141793537        6.0579283610        1.3034250374
C         -1.8049187809        5.0947661017        1.2278829930
C         -5.0211613621       -4.0874010242        1.4347795970
C         -5.0696731962       -2.8092073897        1.9630200941
C         -3.9736542936       -1.9812684526        1.8095004180
C         -2.8591921185       -2.4140025295        1.1141893985
C         -0.6265561565       -5.3165750004       -1.9568538859
C         -0.5592898449       -6.4017517931       -2.8114098872
C         -1.5170494549       -7.3971147448       -2.7559604387
C         -2.5392968064       -7.2928572100       -1.8288154442
C         -2.7091539879        7.1403176881        2.1601392099
C         -1.5864615831        7.3073964166        2.9520512910
C         -0.5745321192        6.3678176975        2.8860696259
C         -0.6866675252        5.2754593683        2.0454924649
C         -3.1200217599        2.2309446149       -0.7190177668
C         -4.2872258966        1.7311115402       -1.2672378074
C         -5.4387039084        2.4954530711       -1.2818385375
C         -5.3960490350        3.7785913954       -0.7652001323
C         10.4896470573        0.3165750971       -0.6781363220
C         11.6874472811        0.3543478091       -0.7553769899
H          6.3348043795        1.9921583044       -1.5686211642
H          8.7877853627        2.0759184313       -1.7092292683
H          9.0447654126       -1.5402638078        0.5554467630
H          6.5935645014       -1.6065015905        0.7318696075
H          4.5759031259       -1.9602260867       -0.3499219903
H          4.4576942447        2.2284053937       -0.2332199741
H          0.5432981949       -0.3420923667       -1.5708935995
H         -1.4130726742       -1.8420504139       -1.5682092991
H          0.5763791154       -4.4432614334        1.1654911246
H          2.5414149394       -2.9464928450        1.1629314117
H          0.7210578798        0.3784314751        1.4939240381
H         -1.3051341446        1.7592411686        1.7494437900
H          0.1550243733        4.4616710101       -1.2106621717
H          2.1896547339        3.0846936803       -1.4672123508
H         -5.8493858270       -4.7688118166        1.5589638454
H         -5.9462591815       -2.4766935927        2.4956150811
H         -3.9803348080       -0.9867859400        2.2284615125
H         -2.0159786727       -1.7502072110        1.0111020610
H          0.1242411795       -4.5453152452       -2.0233069988
H          0.2471745609       -6.4602605247       -3.5259389480
H         -1.4745601892       -8.2455983564       -3.4199223850
H         -3.3004245779       -8.0550924287       -1.7563542406
H         -3.5151407845        7.8582064682        2.1842994497
H         -1.5092553170        8.1609145025        3.6063635462
H          0.3103310434        6.4759063779        3.4940935347
H          0.1088969755        4.5479916078        2.0164072674
H         -2.2345036841        1.6160420782       -0.7226994679
H         -4.2907840460        0.7343616884       -1.6808232870
H         -6.3553414268        2.1102896571       -1.6990346186
H         -6.2703860703        4.4117282065       -0.7843300873
H         12.7337823984        0.3874172650       -0.8225960595
