C          6.6010206473        0.0659127040        0.0080821752
C          7.2924281169        1.1583635760       -0.5128930152
C          8.6715370682        1.1748104819       -0.5107551225
C          9.3882115139        0.0956519229        0.0074629134
C          8.6949295661       -0.9985622945        0.5259517391
C          7.3157738763       -1.0115669624        0.5286878968
N          5.2012929854        0.0511211494        0.0082613986
C          4.4169374680       -1.0581324827       -0.1276533481
C          3.1012587410       -0.6802799736       -0.0817551170
C          3.0865442786        0.7390699066        0.0958006123
C          4.3940930388        1.1439399002        0.1432889881
C          1.8960191221       -1.5023689644       -0.1266419214
C          1.6800542450       -2.4447453902       -1.1276462735
C          0.4731970031       -3.1158240959       -1.2117677704
C         -0.5259213644       -2.8637389022       -0.2819510116
C         -0.2968767290       -1.9703609382        0.7585064253
C          0.9008609550       -1.2918787347        0.8289203567
C          1.8650210619        1.5368512239        0.1380861698
C          1.6288834373        2.4760912130        1.1374645903
C          0.4093045637        3.1242650634        1.2179883022
C         -0.5826256896        2.8520349268        0.2862246737
C         -0.3344879189        1.9615415063       -0.7523230566
C          0.8761076344        1.3059724803       -0.8192543769
N         -1.7940433502       -3.5092041825       -0.4007291202
C         -1.9121974453       -4.7889384484        0.1318893929
C         -3.0853105159       -5.5442577546        0.0559674726
S         -4.5515275456       -4.9529087248       -0.7496384924
C         -4.1634845067       -3.2352633141       -0.9651128074
C         -2.8668316357       -2.7309243469       -0.8259316700
N         -1.8628728907        3.4740431373        0.4007497369
C         -2.9214446849        2.6767684889        0.8264010634
C         -4.2280230132        3.1563846160        0.9598528537
S         -4.6483379702        4.8653035735        0.7355841666
C         -3.1933613988        5.4795305872       -0.0733099923
C         -2.0053295027        4.7471697017       -0.1417391136
C         -5.2147774703       -2.4165272232       -1.3414886520
C         -5.0049250670       -1.0786193333       -1.6250778132
C         -3.7212734988       -0.5748702996       -1.5442400437
C         -2.6724684253       -1.3857159245       -1.1512353528
C         -0.8210874957       -5.3712776924        0.7821116464
C         -0.8877283170       -6.6474476107        1.3106655727
C         -2.0557037811       -7.3812363260        1.2219576408
C         -3.1544087199       -6.8164476215        0.5983521727
C         -3.2869112332        6.7458571344       -0.6256431928
C         -2.1985390137        7.3276766863       -1.2517208512
C         -1.0158543237        6.6168910897       -1.3325014736
C         -0.9246876034        5.3463707523       -0.7940895136
C         -2.7017037547        1.3370465720        1.1580688263
C         -3.7355725275        0.5076682545        1.5519684904
C         -5.0290031272        0.9866978738        1.6272136740
C         -5.2641980816        2.3189736415        1.3370314329
C         10.8033907087        0.1106392384        0.0071629173
C         12.0041991904        0.1227776845        0.0071958413
H          6.7474117839        1.9877725166       -0.9357999177
H          9.2050569336        2.0206851269       -0.9172098076
H          9.2465952419       -1.8328410427        0.9321395626
H          6.7887461626       -1.8524600718        0.9517222970
H          4.8374316586       -2.0350131664       -0.2549899801
H          4.7941640430        2.1292806844        0.2711970023
H          2.4496114027       -2.6261928025       -1.8626302063
H          0.2935417085       -3.8278129327       -2.0033969223
H         -1.0702237035       -1.8008992274        1.4934659672
H          1.0728575161       -0.5888301297        1.6298323921
H          2.3932638417        2.6731643751        1.8738223128
H          0.2143501663        3.8337929846        2.0081915291
H         -1.1028400499        1.7764777691       -1.4887640961
H          1.0632779255        0.6053746225       -1.6189051526
H         -6.2002171864       -2.8503446943       -1.4224371932
H         -5.8308808415       -0.4495653431       -1.9157729755
H         -3.5292488040        0.4603011906       -1.7814875119
H         -1.6808780281       -0.9665853349       -1.0975303159
H          0.0965487919       -4.8121982051        0.8719227174
H         -0.0182582911       -7.0621454138        1.7967859588
H         -2.1188642964       -8.3768006350        1.6310102411
H         -4.0831136670       -7.3606641086        0.5146939816
H         -4.2264212693        7.2720735198       -0.5477027741
H         -2.2808220320        8.3185872334       -1.6686003350
H         -0.1538584060        7.0453001742       -1.8200424004
H          0.0042468579        4.8052633408       -0.8776237383
H         -1.7019745680        0.9371481791        1.1086230849
H         -3.5240449499       -0.5224975607        1.7943512369
H         -5.8433190492        0.3429755009        1.9186394594
H         -6.2581389336        2.7338007345        1.4134147537
H         13.0531630547        0.1331175708        0.0064606048
