C          6.5296099651       -0.0800006394        0.1815274858
C          7.2510317181        1.0535721144       -0.1908909385
C          8.6289274398        1.0530502826       -0.1338895968
C          9.3165838321       -0.0841351534        0.2911624573
C          8.5943185060       -1.2193502220        0.6604886774
C          7.2162539122       -1.2157466399        0.6091358959
N          5.1324387002       -0.0779583092        0.1274728371
C          4.3426107042       -1.1613134971       -0.1319290737
C          3.0292209977       -0.7753698711       -0.0949974746
C          3.0159738618        0.6238839632        0.2041502718
C          4.3264526440        1.0070492800        0.3276642844
C          1.8349092769       -1.5963149821       -0.2684831413
C          0.8106529468       -1.5187557781        0.6755197257
C         -0.3777354888       -2.1901179595        0.4797257578
C         -0.5670590957       -2.9378109093       -0.6776448788
C          0.4660185818       -3.0686825003       -1.5951391141
C          1.6633869412       -2.4094888820       -1.3849427698
C          1.8267524915        1.4633492752        0.2863962022
C          1.6919993129        2.4517625493        1.2571946371
C          0.5504060303        3.2217500856        1.3434816871
C         -0.5070982850        3.0430628952        0.4469664376
C         -0.3791012232        2.0396678124       -0.5171746216
C          0.7657089208        1.2777378296       -0.5979575077
N         -1.8252092810       -3.5554885967       -0.9459400010
C         -1.9562198057       -4.9050271393       -0.6362989125
C         -3.0759195471       -5.6620776477       -0.9895812582
S         -4.4211662583       -4.9748134387       -1.9197263711
C         -4.1307770493       -3.2379219447       -1.6996913364
C         -2.8895424784       -2.7315698988       -1.3016784738
N         -1.6772616515        3.7866664533        0.5561963411
C         -1.8820437702        4.7344846230        1.5775264829
C         -2.9950415091        4.6275966396        2.4094912115
S         -4.1384837152        3.2905143030        2.1532823374
C         -4.0403732328        3.2713256510        0.3795242451
C         -2.8162143888        3.5331934736       -0.2336048078
C         -5.1854932200       -2.3951862866       -2.0072141978
C         -5.0291826341       -1.0211178296       -1.9607056618
C         -3.7965217910       -0.5013778815       -1.6139927940
C         -2.7470243864       -1.3411448637       -1.2891304229
C         -0.9383810104       -5.5572836232        0.0637192573
C         -1.0246739257       -6.9006048638        0.3803649693
C         -2.1419336328       -7.6331716005        0.0247440201
C         -3.1692849240       -7.0021741257       -0.6548744205
C         -5.1755386498        3.0191017866       -0.3737300942
C         -5.0993101981        3.0371907497       -1.7545870694
C         -3.8990432737        3.3445354166       -2.3764194578
C         -2.7685496905        3.6053263811       -1.6232341583
C         -1.0303682103        5.8239068479        1.7370069869
C         -1.2507051165        6.7406440184        2.7485494022
C         -2.3380538067        6.5998337553        3.5965116301
C         -3.2222797534        5.5516504399        3.4162696877
C         10.7306391685       -0.0864492398        0.3474188403
C         11.9305610626       -0.0887457340        0.3955754141
H          6.7299018158        1.9305556782       -0.5418142600
H          9.1843930708        1.9317199645       -0.4252455772
H          9.1225177950       -2.0995830268        0.9946709634
H          6.6668910155       -2.0911659052        0.9184482707
H          4.7572539126       -2.1285126830       -0.3326963469
H          4.7293118038        1.9729966670        0.5561927077
H          0.9486572074       -0.9153434067        1.5599679775
H         -1.1749414397       -2.1209185999        1.2055675351
H          0.3179953143       -3.6731467009       -2.4777476285
H          2.4586938629       -2.4908079450       -2.1105712565
H          2.4858609901        2.6042577577        1.9738665392
H          0.4700225448        3.9472101339        2.1378959536
H         -1.1886975644        1.8323457528       -1.1990120036
H          0.8379283070        0.5249619918       -1.3690046602
H         -6.1265155120       -2.8355526314       -2.3007750416
H         -5.8546899138       -0.3722255482       -2.2046922988
H         -3.6454057971        0.5671960860       -1.5889870358
H         -1.7961714980       -0.9067520750       -1.0257526402
H         -0.0644319665       -4.9986909970        0.3595395061
H         -0.2117888722       -7.3696163663        0.9129162020
H         -2.2191367163       -8.6805206034        0.2689365846
H         -4.0541815744       -7.5460801239       -0.9491441094
H         -6.1047260745        2.8029882668        0.1301781526
H         -5.9786840667        2.8274329407       -2.3427775773
H         -3.8425834249        3.3853498020       -3.4530873088
H         -1.8374835425        3.8633155879       -2.1043078543
H         -0.1946593377        5.9387153488        1.0637109566
H         -0.5737610845        7.5718368716        2.8703743947
H         -2.5073474114        7.3126581107        4.3879559015
H         -4.0853677582        5.4351076177        4.0531533372
H         12.9787041921       -0.0902884944        0.4377442133
