C          6.5244069507        0.1012212752       -0.0237573134
C          7.2408652869       -0.7901397938       -0.8207657953
C          8.6198804000       -0.7727967388       -0.8179052837
C          9.3113251095        0.1410450426       -0.0218372438
C          8.5929132970        1.0350361773        0.7728963877
C          7.2139944160        1.0130318167        0.7738519781
N          5.1256424213        0.0801646495       -0.0233155378
C          4.3465412523       -1.0259518083       -0.2048722980
C          3.0283920272       -0.6593389537       -0.1279676340
C          3.0068348150        0.7537199749        0.0922190921
C          4.3132945259        1.1613758503        0.1622550568
C          1.8391118966       -1.5018406792       -0.1796750806
C          0.8332737962       -1.3183111598        0.7703312986
C         -0.3378880160       -2.0425010558        0.7041359783
C         -0.5299585657       -2.9558476633       -0.3268290996
C          0.4782367444       -3.1742119900       -1.2555190607
C          1.6581639710       -2.4572815580       -1.1757259061
C          1.7920117897        1.5582426050        0.1531827567
C          1.5898271666        2.5080412062        1.1505934159
C          0.3884801421        3.1870168942        1.2410660269
C         -0.6209172364        2.9361036332        0.3219170284
C         -0.4091467063        2.0290353598       -0.7107491014
C          0.7838909518        1.3424792356       -0.7875669361
N         -1.7615119206       -3.6683417343       -0.4385894852
C         -1.7984558130       -4.9597735597        0.0785969621
C         -2.9057494583       -5.8019900190       -0.0503928141
S         -4.3714611307       -5.3139497814       -0.9228844858
C         -4.1342500436       -3.5588808182       -1.0328843686
C         -2.8867841570       -2.9559578104       -0.8431898383
N         -1.8727559494        3.6100472666        0.4457485492
C         -2.9728549376        2.8641980729        0.8592594866
C         -4.2332291585        3.4323624771        1.0700094185
S         -4.5170785729        5.1815933853        0.9784029207
C         -3.0812687413        5.7120341671        0.0813171987
C         -1.9534342420        4.9010060803       -0.0677455432
C         -5.2457609869       -2.8125170177       -1.3857210910
C         -5.1447451625       -1.4487250413       -1.5973491908
C         -3.9091513489       -0.8441669117       -1.4675221554
C         -2.8016337600       -1.5840146185       -1.0954007851
C         -0.6921842473       -5.4625327235        0.7682089728
C         -0.6813594076       -6.7457310823        1.2835912481
C         -1.7856710864       -7.5653823782        1.1439343036
C         -2.8996284701       -7.0804021623        0.4813847996
C         -3.1194258574        6.9909286483       -0.4479219701
C         -2.0302755433        7.5075816735       -1.1275666342
C         -0.9060654364        6.7191265205       -1.2869127600
C         -0.8729028902        5.4352201486       -0.7742678716
C         -2.8481257128        1.4931339557        1.0992848644
C         -3.9307729771        0.7214203556        1.4798309079
C         -5.1801197996        1.2919694084        1.6304177637
C         -5.3199748452        2.6541881389        1.4310587888
C         10.7263673770        0.1615347807       -0.0205110911
C         11.9271252357        0.1802441668       -0.0199374473
H          6.7147215397       -1.4859305938       -1.4554209747
H          9.1729864063       -1.4623199091       -1.4375640107
H          9.1252329136        1.7400542698        1.3933246008
H          6.6673299044        1.6935181692        1.4077492154
H          4.7716603294       -2.0040095829       -0.3065379633
H          4.7081550493        2.1522572701        0.2618188951
H          0.9773921716       -0.6036978605        1.5664376108
H         -1.1166244493       -1.8979486038        1.4389261278
H          0.3273726780       -3.9002538799       -2.0404223454
H          2.4350754386       -2.6158764978       -1.9081286169
H          2.3679597535        2.6916550696        1.8758169869
H          0.2218281400        3.9083444740        2.0271305640
H         -1.1893006072        1.8597447412       -1.4387215380
H          0.9434384907        0.6325959863       -1.5849738875
H         -6.1894708788       -3.3225040656       -1.5085718484
H         -6.0161384009       -0.8765868095       -1.8725661313
H         -3.8004315160        0.2143361737       -1.6473093768
H         -1.8497004530       -1.0865845411       -1.0044720152
H          0.1753282535       -4.8355133411        0.8989007237
H          0.1978559400       -7.0982357969        1.8003334114
H         -1.7877263821       -8.5670183200        1.5429663140
H         -3.7792715530       -7.6936964504        0.3561070898
H         -4.0133910352        7.5795468924       -0.3067216194
H         -2.0665139905        8.5094606959       -1.5243511388
H         -0.0455327681        7.0968001433       -1.8171493266
H          0.0093287878        4.8325889832       -0.9203584769
H         -1.8847142786        1.0217139137        0.9921552047
H         -3.7917648982       -0.3352027167        1.6496145090
H         -6.0323583493        0.6948273293        1.9124457634
H         -6.2750579169        3.1380643538        1.5705072712
H         12.9759989218        0.1960273648       -0.0186756401
