C          6.6716143390        0.0114512787        0.0041871817
C          7.3722188349        0.9165258424        0.7998786017
C          8.7513531282        0.9161863553        0.8054684380
C          9.4589725567        0.0062307333        0.0192529012
C          8.7565197735       -0.8998416028       -0.7760659111
C          7.3775004286       -0.8948897286       -0.7854317986
N          5.2728041496        0.0106502204       -0.0002616422
C          4.4796262617       -1.0874496206       -0.1769333221
C          3.1681217551       -0.7019572911       -0.1061912209
C          3.1646421552        0.7134071548        0.1049236075
C          4.4747084702        1.1049461393        0.1761654074
C          1.9458697924       -1.4997731614       -0.1474220461
C          0.9943718164       -1.3109022211        0.8549897896
C         -0.2287432534       -1.9432766376        0.7926365526
C         -0.5300042513       -2.7654145474       -0.2857544590
C          0.4246226697       -2.9940482601       -1.2693638389
C          1.6589816301       -2.3743886111       -1.1912244521
C          1.9381925352        1.5036459644        0.1535417909
C          1.6636365221        2.3940883469        1.1869236658
C          0.4262214499        3.0073362901        1.2751463205
C         -0.5445342494        2.7489689440        0.3175412211
C         -0.2557431460        1.9154778597       -0.7565731029
C          0.9718627259        1.2942852597       -0.8314100510
N         -1.8417571545       -3.3190451209       -0.3682666071
C         -2.8560461620       -2.4522841418       -0.7655268638
C         -4.2136942848       -2.7545993032       -0.6367577138
S         -4.7818531850       -4.2745409041        0.0785339228
C         -3.2919984122       -5.2408794854        0.0674801116
C         -2.0261609041       -4.6681380238       -0.0890868294
N         -1.8489132486        3.3185990045        0.4389562501
C         -2.8715716954        2.4701006372        0.8533466450
C         -4.2031372782        2.8801840026        0.9671902582
S         -4.7181550203        4.5568472602        0.7023988325
C         -3.2685765859        5.2611666349       -0.0404575881
C         -2.0420928933        4.5929081852       -0.0833448045
C         -3.4406356020       -6.5981484612        0.2965475846
C         -2.3341886724       -7.4216246966        0.4110937898
C         -1.0735055908       -6.8644081798        0.3072832114
C         -0.9230814329       -5.5123122812        0.0585401295
C         -2.5292010801       -1.2186110683       -1.3344424828
C         -3.5054233970       -0.3208754993       -1.7243970913
C         -4.8434299269       -0.6316500853       -1.5768958072
C         -5.1891808794       -1.8590119929       -1.0406907103
C         -3.4099240753        6.5326311923       -0.5704738378
C         -2.3343315078        7.1828297652       -1.1497181604
C         -1.1138426496        6.5364646322       -1.2039524052
C         -0.9734923865        5.2619041526       -0.6859703277
C         -2.5854424984        1.1456301545        1.1952662779
C         -3.5771886145        0.2684842776        1.5932419685
C         -4.8938925815        0.6799196264        1.6571662350
C         -5.1965837232        1.9937579061        1.3472428598
C         10.8741458874        0.0009625885        0.0290182018
C         12.0749965786       -0.0051570874        0.0363220217
H          6.8337045176        1.6091316498        1.4276308021
H          9.2920466483        1.6156795255        1.4249365806
H          9.3013526907       -1.6012758770       -1.3896839905
H          6.8431848737       -1.5852861642       -1.4191510703
H          4.8926941464       -2.0711909703       -0.2727405517
H          4.8832679535        2.0905056291        0.2728642565
H          1.2192024911       -0.6578638432        1.6846098321
H         -0.9687347605       -1.7880941562        1.5636604866
H          0.1871653337       -3.6381731147       -2.1033148316
H          2.3924960671       -2.5371468324       -1.9665748340
H          2.4103572062        2.5772459304        1.9447077471
H          0.2001673181        3.6747232162        2.0932819397
H         -1.0083187703        1.7441293051       -1.5116631865
H          1.1900118094        0.6342474527       -1.6571846072
H         -4.4388597817       -6.9954101069        0.4033365798
H         -2.4620268624       -8.4764046143        0.5943660640
H         -0.1944662640       -7.4803112945        0.4177333442
H          0.0698123517       -5.0985474376       -0.0099199303
H         -1.4906995240       -0.9584682895       -1.4631595659
H         -3.2153952881        0.6276513082       -2.1501099619
H         -5.6107592114        0.0658354546       -1.8723274156
H         -6.2254294379       -2.1348836531       -0.9150744549
H         -4.3778709884        7.0075690365       -0.5139924538
H         -2.4554567619        8.1761526357       -1.5510909590
H         -0.2600989319        7.0189316025       -1.6541108078
H         -0.0146980572        4.7722859890       -0.7467495822
H         -1.5665639956        0.7966218461        1.1497889068
H         -3.3155355771       -0.7470919820        1.8479907918
H         -5.6748373105       -0.0024082310        1.9522369377
H         -6.2120306336        2.3557144008        1.4088467784
H         13.1239658867       -0.0102482141        0.0444985898
