C          6.7213289384        0.0015692221        0.0022253043
C          7.4248451402        0.9248177476        0.7741670809
C          8.8039382395        0.9294429801        0.7688897870
C          9.5087414867        0.0063916257       -0.0045605647
C          8.8034472567       -0.9198174244       -0.7737130327
C          7.4243183724       -0.9200085409       -0.7721587371
N          5.3225171697        0.0008039689        0.0036919676
C          4.5269701916       -1.0999611422       -0.1459351767
C          3.2168648314       -0.7091853865       -0.0865901381
C          3.2168755560        0.7113502073        0.0886179778
C          4.5269366313        1.1017752410        0.1512599920
C          1.9832743516       -1.4917865395       -0.1060782336
C          1.0526889595       -1.2795050719        0.9108885936
C         -0.1881689675       -1.8776227079        0.8664973058
C         -0.5290660110       -2.6872272030       -0.2088823369
C          0.4059213401       -2.9447413410       -1.2042136884
C          1.6583727951       -2.3597076061       -1.1440409428
C          1.9837680740        1.4944797983        0.1060535612
C          1.0530052135        1.2802519675       -0.9103444010
C         -0.1880424227        1.8779735756       -0.8664360206
C         -0.5285640767        2.6893298051        0.2077052791
C          0.4071350695        2.9501145278        1.2014992615
C          1.6596450730        2.3652151035        1.1419254437
N         -1.8597425222       -3.1975193360       -0.2742972478
C         -2.8454446477       -2.3121666369       -0.7012122141
C         -4.2118239042       -2.5736737511       -0.5753898874
S         -4.8244425766       -4.0445414727        0.2024717687
C         -3.3690936448       -5.0621293834        0.2052977146
C         -2.0862530109       -4.5344166815        0.0301449711
N         -1.8603200340        3.1967219285        0.2743410879
C         -2.0912708179        4.5315759520       -0.0353240989
C         -3.3760259318        5.0544724150       -0.2110617790
S         -4.8278334927        4.0320109884       -0.2014637682
C         -4.2096942726        2.5679875139        0.5848028745
C         -2.8422814041        2.3106156350        0.7081209709
C         -3.5606531428       -6.4089665787        0.4619122216
C         -2.4807230190       -7.2656365997        0.5863090376
C         -1.2031832594       -6.7526946582        0.4616979079
C         -1.0101639642       -5.4115234635        0.1848637641
C         -2.4806922596       -1.1045949497       -1.3013377430
C         -3.4296798121       -0.1985706723       -1.7368243128
C         -4.7766249485       -0.4737947835       -1.6029412378
C         -5.1596879519       -1.6712710887       -1.0261125892
C         -5.1539168089        1.6658766142        1.0435777622
C         -4.7660633741        0.4723525712        1.6254235114
C         -3.4180502568        0.2007241184        1.7557887324
C         -2.4726018563        1.1068215879        1.3128082369
C         -1.0180436565        5.4112400561       -0.1947849795
C         -1.2155925214        6.7505705672       -0.4773109588
C         -2.4948774255        7.2588600234       -0.6029479047
C         -3.5720605246        6.3994883055       -0.4734892206
C         10.9239539513        0.0107295353       -0.0095258701
C         12.1248169978        0.0158311516       -0.0161493570
H          6.8885356574        1.6286330538        1.3912743918
H          9.3470233601        1.6437304580        1.3690893157
H          9.3459726844       -1.6321971893       -1.3766945704
H          6.8874049354       -1.6257881098       -1.3864700994
H          4.9383811442       -2.0864778042       -0.2175778124
H          4.9382649295        2.0882365104        0.2240366430
H          1.3078814046       -0.6328692270        1.7367279621
H         -0.9123881942       -1.7038671834        1.6477232124
H          0.1390499298       -3.5825311666       -2.0341968954
H          2.3758731345       -2.5433232248       -1.9297213263
H          1.3080814309        0.6322048584       -1.7350899165
H         -0.9127421434        1.7024412805       -1.6468331475
H          0.1404750927        3.5897748984        2.0300882431
H          2.3776952910        2.5506393243        1.9266553556
H         -4.5705659400       -6.7710261580        0.5826715601
H         -2.6415626070       -8.3116650991        0.7923423273
H         -0.3441096061       -7.3952591604        0.5777896776
H         -0.0049322940       -5.0318108927        0.0989367499
H         -1.4343393217       -0.8722722864       -1.4193032344
H         -3.1121819793        0.7284573250       -2.1895343243
H         -5.5220547290        0.2298745091       -1.9375385324
H         -6.2040913298       -1.9162506424       -0.9039672470
H         -6.1993227192        1.9076351385        0.9236655479
H         -5.5086990153       -0.2311678264        1.9664811578
H         -3.0968706170       -0.7233610655        2.2119384417
H         -1.4253410200        0.8773769144        1.4282864683
H         -0.0115783793        5.0349703674       -0.1079969878
H         -0.3586926950        7.3954902457       -0.5965675983
H         -2.6592092153        8.3035189045       -0.8132240995
H         -4.5831629335        6.7580140587       -0.5947419904
H         13.1738207662        0.0196543475       -0.0201437710
