C          6.5978787494        0.0657580758        0.0019254066
C          7.3151743691       -1.0227775826        0.4953369612
C          8.6942958350       -1.0044190480        0.4978634226
C          9.3850898089        0.1063105019        0.0123426698
C          8.6659247472        1.1960769904       -0.4796207748
C          7.2869548554        1.1742620608       -0.4874456295
N          5.1982261948        0.0468749041       -0.0011847324
C          4.4166913832       -1.0611557789       -0.1612548276
C          3.0999345096       -0.6877701625       -0.1074643762
C          3.0816223600        0.7274411205        0.1003239757
C          4.3880689410        1.1344442786        0.1571369298
C          1.8969208955       -1.5118961684       -0.1673511681
C          1.6853410749       -2.4416248053       -1.1810150386
C          0.4804994638       -3.1152018830       -1.2759582477
C         -0.5208675362       -2.8773047229       -0.3451094249
C         -0.2966434390       -1.9964394913        0.7070477001
C          0.8993960955       -1.3165773858        0.7891706199
C          1.8590588640        1.5227130082        0.1575220941
C          1.6210124508        2.4412368210        1.1754431629
C          0.4018679766        3.0888595372        1.2658001964
C         -0.5878526680        2.8372002461        0.3260023715
C         -0.3379480236        1.9673410827       -0.7296163547
C          0.8721228519        1.3118442393       -0.8064831621
N         -1.7884292563       -3.5227570556       -0.4740345659
C         -1.9170133832       -4.7934871237        0.0773838109
C         -3.0963193561       -5.5400711378        0.0114748482
S         -4.5536130531       -4.9514315881       -0.8123554793
C         -4.1560699638       -3.2375602223       -1.0405228861
C         -2.8564600033       -2.7403954185       -0.9038537707
N         -1.8646797810        3.4636495660        0.4506342392
C         -2.9334569164        2.6663099305        0.8498683337
C         -4.2282559352        3.1658109601        1.0210923211
S         -4.6107727285        4.8932366986        0.8886950889
C         -3.1681238188        5.5028010724        0.0546675042
C         -1.9950503844        4.7521696328       -0.0578797512
C         -5.2019312236       -2.4146445920       -1.4228449400
C         -4.9832755365       -1.0799245824       -1.7147767666
C         -3.6966804194       -0.5833597992       -1.6353154446
C         -2.6532978043       -1.3982139166       -1.2362408229
C         -0.8306455563       -5.3756076490        0.7355892505
C         -0.9093765456       -6.6419128883        1.2857594565
C         -2.0847801475       -7.3653307912        1.2109347738
C         -3.1777656995       -6.8016686868        0.5762948175
C         -3.2522980683        6.7828047583       -0.4666165055
C         -2.1676856920        7.3604764031       -1.1030399384
C         -0.9993532562        6.6321384950       -1.2262605180
C         -0.9185099077        5.3477427853       -0.7201331136
C         -2.7384697158        1.3080432823        1.1144166199
C         -3.7855680872        0.4824158100        1.4803894018
C         -5.0678318549        0.9838086716        1.5929004278
C         -5.2781583256        2.3329968717        1.3690236875
C         10.8001496223        0.1283763383        0.0195593498
C         12.0008495106        0.1485609887        0.0256705041
H          6.7902522403       -1.8769151464        0.8936893228
H          9.2477187303       -1.8474326610        0.8830873337
H          9.1975636431        2.0546793629       -0.8610802099
H          6.7403910281        2.0126670549       -0.8900756128
H          4.8395575215       -2.0340340339       -0.3095472778
H          4.7852236572        2.1178728000        0.3068499325
H          2.4566986283       -2.6114239897       -1.9168865184
H          0.3041965902       -3.8173645189       -2.0770106111
H         -1.0723531575       -1.8379951525        1.4420729613
H          1.0680085477       -0.6240061432        1.5998020334
H          2.3836117929        2.6226177167        1.9176564676
H          0.2057132416        3.7827386116        2.0695052365
H         -1.1040752525        1.7988303338       -1.4723054282
H          1.0608810861        0.6273877198       -1.6196650978
H         -6.1901022134       -2.8425850853       -1.5015871411
H         -5.8050462867       -0.4476355773       -2.0102772984
H         -3.4981231384        0.4491263987       -1.8786781059
H         -1.6590547860       -0.9852114819       -1.1833616011
H          0.0927566359       -4.8243813058        0.8142929811
H         -0.0435255038       -7.0569533857        1.7780153616
H         -2.1577034105       -8.3525399771        1.6382132681
H         -4.1112439637       -7.3389076709        0.5011106631
H         -4.1801755495        7.3232977226       -0.3547958109
H         -2.2415010729        8.3623314545       -1.4945811694
H         -0.1408135461        7.0577093551       -1.7223188131
H         -0.0012706472        4.7929000925       -0.8366899619
H         -1.7480557100        0.8901810285        1.0353083511
H         -3.5931676608       -0.5623803381        1.6706686273
H         -5.8922969974        0.3437647427        1.8631714829
H         -6.2621378833        2.7641415118        1.4772108172
H         13.0496863914        0.1667714760        0.0328265948
