C          6.3136349693       -0.0018393178       -0.0148097509
C          7.0178116345       -1.0663061478        0.5453161573
C          8.3970359002       -1.0673468157        0.5411930791
C          9.1006672195       -0.0003368380       -0.0184352008
C          8.3944091448        1.0658163130       -0.5763791353
C          7.0151707110        1.0633062467       -0.5769370446
N          4.9135932408       -0.0024638823       -0.0124638950
C          4.1175341618       -1.1057404297       -0.1038808985
C          2.8024573604       -0.7156894100       -0.0696580611
C          2.8020121960        0.7087119955        0.0549783957
C          4.1169185802        1.1000236109        0.0827425377
C          1.6325312917       -1.5853924373       -0.0776875129
C          0.5723412284       -1.3415257430        0.7962279440
C         -0.5447020116       -2.1510738505        0.7906696538
C         -0.6248137252       -3.2167888161       -0.0992538383
C          0.4313342671       -3.4803881674       -0.9602866213
C          1.5533229363       -2.6733442648       -0.9440039880
C          1.6315809082        1.5776245888        0.0692141812
C          0.5652647379        1.3318843695       -0.7966830941
C         -0.5513303543        2.1420907784       -0.7859590517
C         -0.6249097114        3.2104977754        0.1012994595
C          0.4370415838        3.4754614566        0.9548177934
C          1.5583726271        2.6677217276        0.9334187333
N         -1.7796827600       -4.0551734800       -0.1359752749
C         -1.7307299698       -5.2365120794        0.5971839756
C         -2.7192431289       -6.2208142012        0.5191216095
S         -4.1045217709       -6.0799235749       -0.5806687811
C         -4.0733053216       -4.3414209639       -0.9365432408
C         -2.9349531191       -3.5564006031       -0.7288814457
N         -1.7771257038        4.0521677318        0.1422952892
C         -1.7261647917        5.2340536199       -0.5900138567
C         -2.7065723914        6.2254836450       -0.5012595084
S         -4.0816372860        6.0924122304        0.6122050942
C         -4.0638141348        4.3513939407        0.9566737765
C         -2.9327995204        3.5585392503        0.7387412488
C         -5.2215615651       -3.8067477379       -1.4951778745
C         -5.2625268059       -2.4824109445       -1.8947184712
C         -4.1333137353       -1.7015840671       -1.7350734102
C         -2.9915237175       -2.2284142568       -1.1593325991
C         -0.6597375970       -5.4738918508        1.4622157170
C         -0.5726375693       -6.6386247215        2.2026470724
C         -1.5642239380       -7.5981297881        2.1177939622
C         -2.6404858267       -7.3772068061        1.2761748357
C         -5.2136221352        3.8226768387        1.5177191919
C         -5.2630687576        2.4964086112        1.9098245227
C         -4.1407248088        1.7077112690        1.7405344293
C         -2.9975544119        2.2287376262        1.1622278615
C         -0.6619515988        5.4643370552       -1.4652432777
C         -0.5733006924        6.6294297737       -2.2049020442
C         -1.5567447061        7.5962893579       -2.1090774736
C         -2.6265768932        7.3822911488       -1.2575330551
C         10.5159238198        0.0006069074       -0.0199431111
C         11.7167813503        0.0013667813       -0.0204800260
H          6.4827754364       -1.8852927782        1.0000568261
H          8.9406716275       -1.8913427041        0.9779953035
H          8.9360248743        1.8903960693       -1.0145834483
H          6.4780801706        1.8817345995       -1.0302704482
H          4.5271465253       -2.0916388956       -0.1913636563
H          4.5260551763        2.0863052500        0.1681107103
H          0.6336662961       -0.5171076761        1.4903472320
H         -1.3617806370       -1.9651227604        1.4724342361
H          0.3650526363       -4.3175858447       -1.6390736204
H          2.3691892033       -2.8732898160       -1.6217563635
H          0.6215695637        0.5058150403       -1.4892713050
H         -1.3726512815        1.9549221281       -1.4622878661
H          0.3758621294        4.3147049240        1.6315686593
H          2.3787744282        2.8691219049        1.6052327645
H         -6.0773362042       -4.4513285490       -1.6288369525
H         -6.1598915780       -2.0773484314       -2.3343624409
H         -4.1347873276       -0.6711249628       -2.0555714457
H         -2.1228235682       -1.5996102855       -1.0488146603
H          0.1187830511       -4.7329171072        1.5505301253
H          0.2763206705       -6.7879229030        2.8517466607
H         -1.5066417166       -8.5080198192        2.6934339522
H         -3.4292178048       -8.1085007885        1.1829798118
H         -6.0635250528        4.4732674382        1.6594579330
H         -6.1614975156        2.0958657053        2.3514378591
H         -4.1488000590        0.6755236865        2.0553249937
H         -2.1342227651        1.5939090741        1.0443448233
H          0.1099367887        4.7175168445       -1.5621749976
H          0.2703193213        6.7732166761       -2.8621531331
H         -1.4977907591        8.5065456612       -2.6840008058
H         -3.4088108447        8.1193820862       -1.1557196628
H         12.7658047633        0.0021587495       -0.0214380029
