C          6.4558316194       -0.1356025554        0.0286644366
C          7.1854867887        0.9524165024       -0.4475425182
C          8.5643632274        0.9235308709       -0.4387652257
C          9.2426359253       -0.1974064160        0.0410103849
C          8.5111273610       -1.2870282005        0.5146570255
C          7.1323120113       -1.2547514572        0.5112087334
N          5.0564092054       -0.1047765642        0.0222338158
C          4.2371696249       -1.1825434603       -0.1502022540
C          2.9327814551       -0.7647885402       -0.0979159446
C          2.9626751189        0.6475647986        0.1225940213
C          4.2835344197        1.0078736126        0.1871920114
C          1.7207893655       -1.5735289071       -0.1645569530
C          0.7048239474       -1.3617253499        0.7682354272
C         -0.4718173498       -2.0778067872        0.7026233336
C         -0.6602140140       -3.0094082406       -0.3126737460
C          0.3541767593       -3.2477235552       -1.2300132260
C          1.5394658735       -2.5403434961       -1.1496740331
C          1.7860293741        1.5077073221        0.1783705857
C          0.7710951989        1.3397775172       -0.7644389274
C         -0.3754752293        2.1037683912       -0.7082860670
C         -0.5347562822        3.0405460137        0.3072491340
C          0.4802658380        3.2358440268        1.2339589952
C          1.6360221531        2.4801394593        1.1631956967
N         -1.8857145564       -3.7319413882       -0.4192241135
C         -3.0246442757       -3.0396373842       -0.8204267183
C         -4.2487695904       -3.6759714245       -1.0499433319
S         -4.4251910606       -5.4412662972       -1.0042511201
C         -2.9830418882       -5.8972197400       -0.0772434512
C         -1.9037276176       -5.0265654310        0.0921596427
N         -1.7316062700        3.8108758374        0.4049517935
C         -1.6956708281        5.1047032107       -0.1074287014
C         -2.7427174358        6.0158399604        0.0513361816
S         -4.2093979400        5.6160992158        0.9657364918
C         -4.1008246398        3.8454117429        1.0139307410
C         -2.8997764171        3.1627715194        0.7959114464
C         -2.9620289503       -7.1767596923        0.4513167644
C         -1.8584414263       -7.6343673917        1.1496936992
C         -0.7815893810       -6.7863115475        1.3295078312
C         -0.8089241817       -5.5016108256        0.8186112952
C         -2.9800710355       -1.6584891222       -1.0283269511
C         -4.1052256090       -0.9433320700       -1.3963124993
C         -5.3185727391       -1.5830179312       -1.5647995686
C         -5.3787466716       -2.9553752853       -1.3973172995
C         -5.2605779658        3.1686123018        1.3511376395
C         -5.2542540521        1.7950883746        1.5197066585
C         -4.0646543958        1.1095439554        1.3626146968
C         -2.9097619497        1.7810569920        1.0046971320
C         -0.5768278606        5.5372034568       -0.8237392731
C         -0.4961837803        6.8193260367       -1.3354989093
C         -1.5419200379        7.7076357025       -1.1667179976
C         -2.6684406881        7.2929857144       -0.4781962605
C         10.6575163142       -0.2287858374        0.0473624303
C         11.8580744748       -0.2559298953        0.0524139964
H          6.6704702058        1.8147055423       -0.8412145634
H          9.1273850162        1.7663023836       -0.8103491610
H          9.0329197098       -2.1538298839        0.8911221336
H          6.5761287978       -2.0933021516        0.9001176650
H          4.6256821339       -2.1687436223       -0.3044788161
H          4.7133894677        1.9761448339        0.3453442869
H          0.8470068162       -0.6353382408        1.5540300741
H         -1.2540943914       -1.9172307294        1.4303119446
H          0.2054649212       -3.9860500974       -2.0038682872
H          2.3228420671       -2.7184091838       -1.8706733543
H          0.8903552362        0.6091170210       -1.5500781681
H         -1.1571909539        1.9765410939       -1.4431356864
H          0.3549823756        3.9784482929        2.0078626191
H          2.4194154223        2.6246181185        1.8916540218
H         -3.8198668323       -7.8129846303        0.2935986512
H         -1.8469603908       -8.6374373188        1.5449930364
H          0.0884247383       -7.1177643075        1.8749676095
H          0.0361275932       -4.8517890416        0.9813419672
H         -2.0461228001       -1.1337687383       -0.9083410112
H         -4.0275745665        0.1233583388       -1.5407869390
H         -6.2035503695       -1.0307567374       -1.8373455415
H         -6.3029684834       -3.4914653632       -1.5527253353
H         -6.1651192074        3.7396118752        1.4977363394
H         -6.1620800085        1.2770937976        1.7842575204
H         -4.0290742356        0.0407784469        1.5082169986
H         -1.9954363788        1.2210470789        0.8933928060
H          0.2446067775        4.8557389221       -0.9777601456
H          0.3908283944        7.1170337105       -1.8729870908
H         -1.4889292569        8.7089955642       -1.5629728566
H         -3.5030534587        7.9613745567       -0.3291031255
H         12.9068337524       -0.2785712948        0.0566798831
