C          6.5488713629       -0.0884046861        0.0114952328
C          7.2416605177       -1.0079017346       -0.7744604318
C          8.6206431834       -1.0271388133       -0.7711329038
C          9.3360976841       -0.1224630664        0.0140701862
C          8.6415284719        0.7991389667        0.7983878071
C          7.2625238470        0.8135531862        0.7991542115
N          5.1500896231       -0.0703716040        0.0096158240
C          4.3399237316       -1.1547621761       -0.1679965129
C          3.0328118765       -0.7495803771       -0.0989046614
C          3.0514443751        0.6650333137        0.1122552663
C          4.3685947334        1.0352336789        0.1849834249
C          1.8165831115       -1.5526696928       -0.1544837230
C          0.8125644306       -1.3317773696        0.7895641650
C         -0.3863224747       -2.0078742782        0.7131933729
C         -0.6077639807       -2.9100417146       -0.3217061485
C          0.3985277803       -3.1691941287       -1.2418070558
C          1.6056714214       -2.5001101232       -1.1521941267
C          1.8574161547        1.5010705801        0.1639323774
C          1.6678633206        2.4513502460        1.1632380488
C          0.4794512859        3.1536378553        1.2485405976
C         -0.5285352980        2.9254925469        0.3220319705
C         -0.3271458025        2.0199398629       -0.7139542125
C          0.8525680439        1.3104195048       -0.7857314540
N         -1.8685060685       -3.5673592472       -0.4471516244
C         -2.9553897990       -2.8053125874       -0.8662029222
C         -4.2268966057       -3.3513737999       -1.0680677661
S         -4.5434259034       -5.0938682750       -0.9580796208
C         -3.1156083819       -5.6422098791       -0.0588591338
C         -1.9722820633       -4.8512090641        0.0796221027
N         -1.7717184154        3.6165841904        0.4412721999
C         -1.8355460308        4.9066150082       -0.0764828021
C         -2.9626357620        5.7233400861        0.0451279268
S         -4.4242887849        5.2028110880        0.9056967861
C         -4.1423829800        3.4557612616        1.0348871118
C         -2.8802685957        2.8819464355        0.8522483910
C         -3.1766185772       -6.9147378728        0.4833850692
C         -2.0958303310       -7.4449645781        1.1659439916
C         -0.9563407689       -6.6765780338        1.3143702781
C         -0.9000254994       -5.3988704000        0.7884022020
C         -2.8048792298       -1.4395141786       -1.1208007501
C         -3.8737023795       -0.6511019360       -1.5060070280
C         -5.1342191630       -1.1988675866       -1.6470902227
C         -5.2995930585       -2.5560895245       -1.4337362594
C         -5.2354572979        2.6855912986        1.3941945383
C         -5.1012589418        1.3268327185        1.6191332826
C         -3.8510290839        0.7518257227        1.4964273018
C         -2.7616202361        1.5151275777        1.1184375090
C         -0.7365940836        5.4347030942       -0.7588749437
C         -0.7516915764        6.7177277147       -1.2745981778
C         -1.8752239773        7.5120059408       -1.1421402516
C         -2.9819587228        7.0016754887       -0.4865748445
C         10.7512026168       -0.1390838494        0.0149841834
C         11.9520081166       -0.1522046546        0.0166507243
H          6.6976009495       -1.6968852956       -1.4013578272
H          9.1552968873       -1.7383633244       -1.3824057550
H          9.1922613037        1.4970985043        1.4106675333
H          6.7343177750        1.5155831089        1.4251228183
H          4.7367653995       -2.1453819184       -0.2618891134
H          4.7913153639        2.0149962777        0.2797801809
H          0.9794204894       -0.6248948234        1.5881371345
H         -1.1643503235       -1.8329312852        1.4420888077
H          0.2245520323       -3.8874896646       -2.0290256838
H          2.3809785563       -2.6886918821       -1.8791786729
H          2.4443451596        2.6161620641        1.8947361158
H          0.3213711149        3.8743040699        2.0369449868
H         -1.1062337549        1.8683389828       -1.4469188992
H          1.0035784112        0.6006273428       -1.5848765851
H         -4.0818932924       -7.4877182986        0.3501603802
H         -2.1501754389       -8.4418221042        1.5731649687
H         -0.1017623236       -7.0652101984        1.8463142130
H         -0.0059153773       -4.8118456313        0.9255938990
H         -1.8322706856       -0.9858344843       -1.0205765962
H         -3.7152386476        0.4008308712       -1.6875474397
H         -5.9757475682       -0.5881871827       -1.9322845338
H         -6.2642505207       -3.0228124929       -1.5655597464
H         -6.1916476567        3.1733024484        1.5109696608
H         -5.9587062059        0.7360313614        1.8987022800
H         -3.7167441379       -0.3018369213        1.6871454316
H         -1.7975982617        1.0405962753        1.0328745786
H          0.1459105127        4.8277577331       -0.8837364607
H          0.1225856659        7.0900747092       -1.7857669506
H         -1.8976871929        8.5132875502       -1.5414221023
H         -3.8762675260        7.5946239884       -0.3672559249
H         13.0009486907       -0.1642845336        0.0176605956
