C          6.5445287993        0.0063545796       -0.2618724880
C          7.2818415886       -1.1138996957        0.1199131272
C          8.6595107084       -1.0938823732        0.0635489782
C          9.3309449656        0.0498423382       -0.3701633084
C          8.5926656393        1.1711426560       -0.7503408142
C          7.2148649823        1.1480338643       -0.6995740148
N          5.1484460630       -0.0139222009       -0.2050169814
C          4.3578327437       -1.1124806297       -0.3866468500
C          3.0446863932       -0.7411814042       -0.2681204657
C          3.0345623689        0.6589523181        0.0278580201
C          4.3443700768        1.0625566039        0.0444966269
C          1.8468865870       -1.5560907707       -0.4389246850
C          0.8077817921       -1.0833687809       -1.2412548732
C         -0.3858261374       -1.7687824719       -1.3216253592
C         -0.5649121995       -2.9346158790       -0.5846031771
C          0.4825127682       -3.4464212746        0.1682995630
C          1.6841433869       -2.7649343396        0.2318021907
C          1.8468562261        1.4542809669        0.3138553885
C          0.8064935667        0.9238555259        1.0747248859
C         -0.3408969527        1.6440075732        1.3237742268
C         -0.4933364839        2.9439456159        0.8336798446
C          0.5442204693        3.4735477551        0.0611901937
C          1.6895928823        2.7443777894       -0.1842221478
N         -1.8277208027       -3.5996833721       -0.5723885999
C         -1.9963747266       -4.6744145375       -1.4386584443
C         -3.1242047884       -5.4986307900       -1.4174418395
S         -4.4260004271       -5.2802724105       -0.2321293648
C         -4.1069409780       -3.6226675517        0.3155672547
C         -2.8664305033       -3.0026211074        0.1367344615
N         -1.6700782050        3.6538434196        1.0456559263
C         -1.9127324076        4.9154286651        0.4683553635
C         -3.0492599916        5.1114288303       -0.3142763968
S         -4.1746331595        3.7561809089       -0.5555584413
C         -4.0238196656        3.0711394194        1.0767079116
C         -2.7824450389        3.1002667686        1.7099447754
C         -5.1359546102       -2.9893959257        0.9917655155
C         -4.9529261524       -1.7321047124        1.5398148934
C         -3.7200568964       -1.1211837219        1.4110565549
C         -2.6966795507       -1.7440849465        0.7205953537
C         -1.0107415439       -4.9631237878       -2.3854347350
C         -1.1369718208       -6.0282405679       -3.2582924940
C         -2.2632147459       -6.8294823388       -3.2266535652
C         -3.2580846861       -6.5523596115       -2.3052234678
C         -5.1346020220        2.5369887614        1.7094079347
C         -5.0159373085        2.0335282706        2.9921161659
C         -3.7974390718        2.0982360133        3.6501559544
C         -2.6912865819        2.6400015464        3.0207911152
C         -1.0766037414        6.0003228811        0.7160511418
C         -1.3351453583        7.2283531116        0.1351405796
C         -2.4452914600        7.3991223043       -0.6769614795
C         -3.3144406199        6.3440905624       -0.8880327338
C         10.7449176118        0.0720337389       -0.4234514052
C         11.9448042374        0.0931017672       -0.4676614917
H          6.7728714096       -1.9953428027        0.4773862520
H          9.2276389328       -1.9618393959        0.3625091271
H          9.1085156038        2.0559376085       -1.0917103865
H          6.6521297947        2.0124827803       -1.0156242001
H          4.7688440687       -2.0643969858       -0.6568380388
H          4.7516479442        2.0246409475        0.2819862122
H          0.9382975049       -0.1641455589       -1.7919525461
H         -1.1950257932       -1.3950931683       -1.9321779169
H          0.3419138839       -4.3666854215        0.7156554920
H          2.4901992742       -3.1486975876        0.8388824975
H          0.8974282832       -0.0717588339        1.4834569807
H         -1.1346992829        1.1772304666        1.8853959487
H          0.4447021674        4.4520662648       -0.3818442642
H          2.4677747952        3.1756250661       -0.7970236319
H         -6.0776655640       -3.5069773567        1.0961480483
H         -5.7580664314       -1.2475390255        2.0680324707
H         -3.5488412463       -0.1477986507        1.8450965972
H         -1.7450264055       -1.2442832205        0.6383375603
H         -0.1303833700       -4.3416778471       -2.4318677150
H         -0.3482420039       -6.2238676403       -3.9682335805
H         -2.3718004526       -7.6604044784       -3.9051169910
H         -4.1480709707       -7.1610792885       -2.2518161123
H         -6.0782048740        2.5138712807        1.1868340541
H         -5.8764732594        1.6057602888        3.4817615906
H         -3.7077726605        1.7289824337        4.6599551374
H         -1.7455859537        2.7076813424        3.5365672092
H         -0.2235027168        5.8677690836        1.3637607333
H         -0.6703143859        8.0568522284        0.3236989770
H         -2.6443663422        8.3559033389       -1.1331417250
H         -4.1951060584        6.4615557747       -1.5001997113
H         12.9929312997        0.1089958841       -0.5066793493
