C          6.6425714267        0.0393493636        0.0061425813
C          7.3396407370        0.9686449626        0.7765752472
C          8.7187238078        0.9767757236        0.7782678754
C          9.4296638385        0.0513045311        0.0134118469
C          8.7306930291       -0.8803394349       -0.7549633084
C          7.3515866959       -0.8840525332       -0.7604500510
N          5.2436948460        0.0337800779        0.0019830284
C          4.4527357603       -1.0699937283       -0.1437955789
C          3.1398882152       -0.6845061773       -0.0899672940
C          3.1340044675        0.7365927683        0.0768842170
C          4.4435483312        1.1317194206        0.1413757897
C          1.9232022382       -1.4901052578       -0.1210084604
C          0.9436022332       -1.2618410631        0.8464831323
C         -0.2716498669       -1.9086249196        0.7842834390
C         -0.5352453499       -2.7867504785       -0.2608916409
C          0.4493111542       -3.0609534679       -1.1999795942
C          1.6743068689       -2.4224081952       -1.1235793316
C          1.9118708959        1.5340672914        0.0970448186
C          1.6498564041        2.4663421027        1.0969659723
C          0.4212929566        3.0979404769        1.1644167404
C         -0.5538485902        2.8218230883        0.2135307670
C         -0.2793732123        1.9381768024       -0.8226464560
C          0.9395598790        1.2964163213       -0.8747572914
N         -1.8210636100       -3.3960955150       -0.3755272791
C         -1.9643163013       -4.6834225352        0.1327950401
C         -3.1471232069       -5.4196191435        0.0270969561
S         -4.5883325208       -4.7903086490       -0.7944362740
C         -4.1848561473       -3.0679483826       -0.9284889410
C         -2.8828802649       -2.5845261616       -0.7658405712
N         -1.8597067502        3.3894748639        0.2922890058
C         -2.8702450194        2.5541682394        0.7603975664
C         -4.2281171185        2.8646873802        0.6548668937
S         -4.8017306693        4.3563115244       -0.1143392466
C         -3.3029873135        5.3058418207       -0.1876591529
C         -2.0386822337        4.7264389529       -0.0430139649
C         -5.2271028357       -2.2228783369       -1.2699056407
C         -5.0018015803       -0.8769691428       -1.4978660016
C         -3.7126886524       -0.3919617196       -1.3949438993
C         -2.6735393502       -1.2287991780       -1.0324451770
C         -0.8911294916       -5.2929329741        0.7878910047
C         -0.9838967174       -6.5774143138        1.2917777257
C         -2.1613424868       -7.2918654854        1.1739699444
C         -3.2431394484       -6.6997493445        0.5461171230
C         -3.4451523661        6.6533493587       -0.4716579451
C         -2.3346003418        7.4584530359       -0.6559213353
C         -1.0770422884        6.8917605471       -0.5671367429
C         -0.9323952032        5.5503872962       -0.2630482919
C         -2.5390270053        1.3456451898        1.3790197690
C         -3.5121197204        0.4771254234        1.8369791806
C         -4.8509071207        0.7946863073        1.7110367014
C         -5.2001853881        1.9992408482        1.1273837028
C         10.8448666786        0.0580905320        0.0165550784
C         12.0457193633        0.0644260612        0.0209584808
H          6.7983059931        1.6742783319        1.3871616775
H          9.2569653644        1.6955122759        1.3774913791
H          9.2781229952       -1.5942089866       -1.3516749054
H          6.8194445386       -1.5940610658       -1.3740371865
H          4.8675499259       -2.0556585563       -0.2074107553
H          4.8507601207        2.1203527920        0.2079289594
H          1.1421725857       -0.5684094742        1.6496064694
H         -1.0336519251       -1.7241705091        1.5269730748
H          0.2438324775       -3.7632555941       -1.9940125710
H          2.4315867948       -2.6196032872       -1.8672065848
H          2.3994371646        2.6663229906        1.8477854792
H          0.2040313408        3.7893625996        1.9653448480
H         -1.0359733385        1.7440175208       -1.5685757742
H          1.1443653911        0.5988753127       -1.6726416845
H         -6.2169669979       -2.6422248664       -1.3707775525
H         -5.8194461668       -0.2264774678       -1.7639727985
H         -3.5094730564        0.6499957067       -1.5893299749
H         -1.6783792262       -0.8214211049       -0.9581158766
H          0.0331038746       -4.7489960708        0.9005733935
H         -0.1274744254       -7.0138879260        1.7820044553
H         -2.2444371023       -8.2937274871        1.5636367616
H         -4.1782014187       -7.2287009578        0.4392245260
H         -4.4421647982        7.0567985005       -0.5659130051
H         -2.4574659120        8.5055931632       -0.8814752884
H         -0.1957168174        7.4917831794       -0.7331461714
H          0.0580329891        5.1286349702       -0.2079100238
H         -1.4999013415        1.0812924563        1.4931505551
H         -3.2181979255       -0.4530367243        2.2987719427
H         -5.6162370263        0.1199868925        2.0596630194
H         -6.2368780691        2.2800879748        1.0174153194
H         13.0947236325        0.0673560683        0.0241096989
