C          6.5097125827        0.0006975535       -0.0008925236
C          7.2127578536        0.7451301226        0.9448508439
C          8.5919729951        0.7475562011        0.9436785731
C          9.2970611317        0.0003119669       -0.0003616833
C          8.5921099265       -0.7467180019       -0.9447008439
C          7.2129091116       -0.7438820206       -0.9464133735
N          5.1099003465        0.0007008242       -0.0010465108
C          4.3139505366       -1.0460940725       -0.3665871705
C          3.0013645545       -0.6750711740       -0.2352652582
C          3.0012296982        0.6759168163        0.2335695608
C          4.3137591449        1.0472861442        0.3646343508
C          1.8004783021       -1.4354993696       -0.5636619143
C          0.7885091090       -0.8245702918       -1.3054038096
C         -0.3890548076       -1.4905332697       -1.5715643528
C         -0.5814277565       -2.7788277082       -1.0843705000
C          0.4320181946       -3.4097031280       -0.3760479170
C          1.6181364901       -2.7441652090       -0.1258091062
C          1.8002575673        1.4359892933        0.5624075861
C          1.6178642436        2.7449984052        0.1255923003
C          0.4318003313        3.4103686194        0.3765386680
C         -0.5815688499        2.7789205596        1.0844511752
C         -0.3892283169        1.4901892646        1.5704791792
C          0.7883348427        0.8244649183        1.3037358560
N         -1.8157335555       -3.4597047641       -1.3060390397
C         -1.8592849840       -4.3697499825       -2.3581482504
C         -2.9607358229       -5.1914459387       -2.6101576754
S         -4.4051001082       -5.1785870272       -1.5800450849
C         -4.1793384246       -3.6537201831       -0.7009523876
C         -2.9382059229       -3.0151499424       -0.6132630692
N         -1.8159023659        3.4595307704        1.3068612292
C         -1.8595892506        4.3683561370        2.3599822969
C         -2.9614720418        5.1890019952        2.6135497327
S         -4.4066936986        5.1762574183        1.5846173875
C         -4.1794379020        3.6540195810        0.7013632215
C         -2.9379425939        3.0163215058        0.6125728170
C         -5.2904067941       -3.1570222255       -0.0408795488
C         -5.1944001051       -2.0308689269        0.7575824881
C         -3.9642561694       -1.4179065064        0.9000349432
C         -2.8575901163       -1.9001057533        0.2252475348
C         -0.7673007730       -4.4843103203       -3.2221396997
C         -0.7642181653       -5.3869760645       -4.2697439361
C         -1.8627583552       -6.1932934801       -4.5022290124
C         -2.9631542444       -6.0818136199       -3.6704916074
C         -5.2899070927        3.1585067497        0.0393849028
C         -5.1929649723        2.0344635905       -0.7619330544
C         -3.9624747612        1.4224119480       -0.9052869053
C         -2.8563836188        1.9034389069       -0.2287213553
C         -0.7671886189        4.4827373237        3.2234791990
C         -0.7640961039        5.3842612517        4.2720682841
C         -1.8630218730        6.1896123392        4.5060376359
C         -2.9638192034        6.0782682675        3.6748125758
C         10.7123237827       -0.0000942311       -0.0002225455
C         11.9131700781       -0.0006313760       -0.0015363622
H          6.6767114606        1.3085302826        1.6925397400
H          9.1345033411        1.3226066107        1.6787415431
H          9.1348037354       -1.3219204796       -1.6795245242
H          6.6769928532       -1.3071555714       -1.6942870361
H          4.7238215491       -1.9822678495       -0.6874212485
H          4.7234596305        1.9835636882        0.6853892879
H          0.9330696429        0.1783698223       -1.6776088566
H         -1.1713581154       -1.0163140961       -2.1463618444
H          0.2807987759       -4.4176274977       -0.0193475960
H          2.3997168221       -3.2300124640        0.4384030273
H          2.3993746861        3.2312810199       -0.4383393287
H          0.2805619874        4.4186122177        0.0207429995
H         -1.1715430903        1.0154575924        2.1448379542
H          0.9329190167       -0.1787481749        1.6751825826
H         -6.2291030382       -3.6793308066       -0.1494849145
H         -6.0651691658       -1.6525410195        1.2685241628
H         -3.8591935530       -0.5501970979        1.5330096153
H         -1.9099318686       -1.4039066232        0.3579760052
H          0.0949358936       -3.8558672508       -3.0657625433
H          0.1041477085       -5.4512367614       -4.9070118843
H         -1.8705673247       -6.8994631342       -5.3169589939
H         -3.8376801485       -6.6958041534       -3.8247187804
H         -6.2289148987        3.6800715995        0.1488723331
H         -6.0632980317        1.6570382927       -1.2742803435
H         -3.8566829183        0.5563689726       -1.5404138204
H         -1.9084076762        1.4080348441       -0.3621694093
H          0.0954006204        3.8550782093        3.0659132357
H          0.1045979379        5.4483947813        4.9089028134
H         -1.8708473299        6.8949064580        5.3215247314
H         -3.8386581266        6.6915174943        3.8302152945
H         12.9621996758       -0.0011562633       -0.0015363733
