C          6.5995142336        0.0646179132        0.0062441506
C          7.3121377009       -0.8387268655       -0.7806855188
C          8.6911973619       -0.8266386359       -0.7787851434
C          9.3866427331        0.0937502732        0.0061660818
C          8.6721262378        0.9993174066        0.7912506649
C          7.2931148298        0.9825864483        0.7932353605
N          5.2006561617        0.0501780582        0.0059310307
C          4.4163631139       -1.0542672089       -0.1656373248
C          3.1006367968       -0.6793123809       -0.0978428978
C          3.0860110148        0.7367517890        0.1055994498
C          4.3936646317        1.1384445317        0.1758886072
C          1.8966890118       -1.5018728137       -0.1472005808
C          1.6812560664       -2.4377495732       -1.1545925859
C          0.4751608252       -3.1095265829       -1.2431128260
C         -0.5240144276       -2.8645375629       -0.3115357827
C         -0.2955756682       -1.9782217551        0.7351168294
C          0.9015515981       -1.2994126721        0.8103034152
C          1.8654216034        1.5347428020        0.1516827319
C          1.6268940175        2.4640986586        1.1598814924
C          0.4071595869        3.1112818357        1.2443925797
C         -0.5829202202        2.8483975626        0.3079451916
C         -0.3321332829        1.9689170251       -0.7393797799
C          0.8786018054        1.3141606168       -0.8103928744
N         -1.7921405858       -3.5093862198       -0.4346308866
C         -1.9133982279       -4.7879281048        0.1001304460
C         -3.0885930201       -5.5401680907        0.0257934911
S         -4.5529645206       -4.9463796842       -0.7814483950
C         -4.1615436101       -3.2293889121       -0.9961931990
C         -2.8635490902       -2.7282738589       -0.8581252393
N         -1.8634066275        3.4688378481        0.4270226513
C         -2.9236167180        2.6671090466        0.8400701533
C         -4.2288561851        3.1479663995        0.9822842292
S         -4.6441209916        4.8618567889        0.7885479676
C         -3.1896906188        5.4843736302       -0.0149322366
C         -2.0036693438        4.7501188767       -0.0965319236
C         -5.2112612886       -2.4077526187       -1.3706025155
C         -4.9983487230       -1.0701789827       -1.6535363128
C         -3.7133536418       -0.5696367864       -1.5739381482
C         -2.6661214136       -1.3833199254       -1.1826288529
C         -0.8233587723       -5.3723453864        0.7502493100
C         -0.8933940812       -6.6473155642        1.2812589396
C         -2.0636619467       -7.3777351454        1.1949161198
C         -3.1610665973       -6.8110892618        0.5706767257
C         -3.2812526968        6.7588049350       -0.5486246192
C         -2.1927165801        7.3468908425       -1.1685339471
C         -1.0120746677        6.6342911727       -1.2624232912
C         -0.9229999799        5.3558167470       -0.7428121480
C         -2.7074363919        1.3214499839        1.1492773277
C         -3.7434343224        0.4884404072        1.5297169051
C         -5.0355780099        0.9695626711        1.6132544442
C         -5.2672335184        2.3071646098        1.3455714285
C         10.8017784243        0.1088122321        0.0059271446
C         12.0025848786        0.1215782868        0.0068572704
H          6.7829963326       -1.5396619894       -1.4071379035
H          9.2412662264       -1.5252800278       -1.3908980875
H          9.2075398101        1.7093918214        1.4031942871
H          6.7494810211        1.6724391837        1.4195666708
H          4.8368462032       -2.0355036684       -0.2550139006
H          4.7938957535        2.1280262789        0.2661873940
H          2.4505674731       -2.6132853096       -1.8911929890
H          0.2959131464       -3.8161450243       -2.0396122356
H         -1.0690610869       -1.8145568582        1.4712609655
H          1.0731240576       -0.6023164650        1.6164277847
H          2.3893352731        2.6536550267        1.9001467733
H          0.2103944555        3.8126877452        2.0413797822
H         -1.0987747781        1.7914705097       -1.4794540197
H          1.0676297933        0.6220704598       -1.6169519373
H         -6.1979170675       -2.8389795802       -1.4505215354
H         -5.8231024651       -0.4388511486       -1.9427120384
H         -3.5190335284        0.4651756970       -1.8108539931
H         -1.6734016242       -0.9667679940       -1.1294928385
H          0.0960969699       -4.8159291737        0.8380976943
H         -0.0247527603       -7.0636535425        1.7674666858
H         -2.1294945385       -8.3722469288        1.6061090478
H         -4.0913179112       -7.3528822009        0.4884803869
H         -4.2191938447        7.2862626864       -0.4608310949
H         -2.2732722831        8.3440554066       -1.5705732944
H         -0.1500551869        7.0675185593       -1.7456546062
H          0.0042476324        4.8134758194       -0.8366384868
H         -1.7088601762        0.9195976138        1.0929818379
H         -3.5345908646       -0.5461942856        1.7548325340
H         -5.8515287720        0.3232008746        1.8940762728
H         -6.2599838623        2.7234000146        1.4294191989
H         13.0515357211        0.1329569518        0.0064847447
