C          6.1962130002        0.1225504109        0.1156110304
C          6.9102149053       -0.9597039237        0.6268640273
C          8.2889467280       -0.9329541295        0.6543996675
C          8.9816270393        0.1797222341        0.1759190210
C          8.2652571593        1.2633084777       -0.3334739009
C          6.8867112658        1.2334391748       -0.3656632228
N          4.7965459182        0.0945043767        0.0864674028
C          4.0252047283       -1.0142588848       -0.0913678105
C          2.6999191745       -0.6542471494       -0.0629624863
C          2.6677353156        0.7595694873        0.1529080558
C          3.9755202726        1.1717254832        0.2330466388
C          1.5717959252       -1.5713731928       -0.1659668008
C          1.6178590692       -2.6456116230       -1.0531832298
C          0.5584138081       -3.5271347049       -1.1506211586
C         -0.5668989165       -3.3469533158       -0.3589970851
C         -0.6221093252       -2.2857170048        0.5377170391
C          0.4401971073       -1.4097826804        0.6344738214
C          1.5012693903        1.6314533968        0.2127929342
C          1.4705460609        2.7032208700        1.1036909490
C          0.3739840189        3.5416333189        1.1623318020
C         -0.7119011985        3.3200797739        0.3272238980
C         -0.6900980852        2.2616002844       -0.5740622461
C          0.4090293238        1.4286179404       -0.6316432462
N         -1.6581328053       -4.2613916985       -0.4809813526
C         -1.7018131417       -5.3362708200        0.3989343057
C         -2.6399614156       -6.3669897632        0.2932612431
S         -3.8137399939       -6.4525989174       -1.0355905639
C         -3.7221608978       -4.8029071198       -1.6832967784
C         -2.6758443842       -3.9314626805       -1.3681481721
N         -1.8435351747        4.1887798927        0.4092980436
C         -2.8791701881        3.8145238686        1.2570590920
C         -3.9757304855        4.6373447648        1.5292214919
S         -4.1222261416        6.2791518646        0.8716396242
C         -2.8754661354        6.2608529480       -0.3917355529
C         -1.8898892006        5.2721059832       -0.4598300821
C         -4.7252720326       -4.4292808222       -2.5612033507
C         -4.7065870881       -3.1858798305       -3.1688933736
C         -3.6710231385       -2.3166548763       -2.8816641191
C         -2.6768845703       -2.6815024218       -1.9921889625
C         -0.7766451505       -5.4201346697        1.4423703213
C         -0.7929049265       -6.4705830375        2.3418448239
C         -1.7431920307       -7.4686426691        2.2356233486
C         -2.6656080426       -7.4080165906        1.2054204677
C         -2.8980872482        7.3121281608       -1.2922129889
C         -1.9279107309        7.4248842145       -2.2729618510
C         -0.9326978484        6.4682432175       -2.3418487202
C         -0.9178211288        5.4078637771       -1.4540898793
C         -2.8473846079        2.5664506837        1.8842134384
C         -3.8571203637        2.1572617121        2.7360262012
C         -4.9411723861        2.9787658297        2.9815572742
C         -4.9931051135        4.2193034794        2.3699766528
C         10.3962208525        0.2092358065        0.2071474588
C         11.5965288694        0.2348168152        0.2333544444
H          6.3828472719       -1.8150824706        1.0193081065
H          8.8404116952       -1.7707546823        1.0534558900
H          8.7986670590        2.1233758464       -0.7090071879
H          6.3421946327        2.0668025657       -0.7813607503
H          4.4573056417       -1.9847373699       -0.2288571550
H          4.3630732111        2.1584334625        0.3868033886
H          2.4856530082       -2.7797422894       -1.6804835972
H          0.5928894589       -4.3557119218       -1.8421925314
H         -1.4987137499       -2.1577429413        1.1558075074
H          0.4002335441       -0.5953876793        1.3415924663
H          2.3074871042        2.8689162236        1.7644728665
H          0.3486656626        4.3680118389        1.8569304765
H         -1.5363389922        2.1018004045       -1.2260798275
H          0.4288272848        0.6160064472       -1.3416715809
H         -5.5138329277       -5.1358927101       -2.7724649279
H         -5.4881957860       -2.9097930817       -3.8584844948
H         -3.6306818852       -1.3441171110       -3.3475702874
H         -1.8797530563       -1.9874379721       -1.7790667526
H         -0.0283632993       -4.6505584400        1.5446636912
H         -0.0564686995       -6.5003770242        3.1299941002
H         -1.7678918614       -8.2887356086        2.9352034692
H         -3.4115861179       -8.1792430663        1.0852143618
H         -3.6813885471        8.0497476054       -1.2021924002
H         -1.9515678119        8.2525877349       -2.9635470561
H         -0.1594082332        6.5385688273       -3.0911616502
H         -0.1339327404        4.6710645520       -1.5267864559
H         -2.0119891437        1.9091612189        1.7036247960
H         -3.7903383248        1.1879114671        3.2055167754
H         -5.7351262369        2.6681732095        3.6417297424
H         -5.8206729073        4.8893297499        2.5488179168
H         12.6450486355        0.2571032981        0.2567184480
