C          3.9343659110       -0.1541422283        0.3961703211
C          4.7020071492        0.9890932895        0.1934597008
C          6.0755727397        0.9418704736        0.3259270408
C          6.6995105165       -0.2540975641        0.6580318042
C          5.9367437664       -1.3993234381        0.8596652378
C          4.5640419247       -1.3499103965        0.7326128911
S          8.4538337485       -0.3741290353        0.8357727485
N          2.5381613650       -0.1020514151        0.2608146711
C          1.7543452586       -1.1106215884       -0.2189391891
C          0.4530440087       -0.6858638768       -0.2091869958
C          0.4517056166        0.6420687542        0.3121796669
C          1.7536225732        0.9667411058        0.5832466194
N         -0.7195256342       -1.3452147763       -0.6100227768
C         -1.6388423959       -1.8703522519        0.2764029327
C         -2.8982055297       -1.9811743143       -0.3547419520
C         -2.7290081338       -1.4727501153       -1.6878209655
C         -1.3759079404       -1.0801856751       -1.7955480211
N         -0.7226119212        1.3936188993        0.4742677982
C         -1.3980758441        1.9868229092       -0.5737512330
C         -2.7451079599        2.2060466440       -0.2076171487
C         -2.8903790123        1.6937815036        1.1267827727
C         -1.6235969506        1.1916960210        1.5007590635
C         -3.9780376833       -2.4944835562        0.3512095664
C         -3.7860491808       -2.8888246600        1.6605982228
C         -2.5359835123       -2.7875912046        2.2668940348
C         -1.4464000070       -2.2816043913        1.5858260089
C         -0.8686754713       -0.5435188961       -2.9683340309
C         -1.7371881466       -0.3848938515       -4.0302554859
C         -3.0764879095       -0.7554283362       -3.9323949353
C         -3.5819650413       -1.3040164042       -2.7703480919
C         -3.6142628409        2.8038208975       -1.1104919697
C         -3.1306196793        3.1728631182       -2.3501501461
C         -1.7971819642        2.9628252828       -2.6942303570
C         -0.9128552726        2.3715733156       -1.8136428663
C         -1.4087794978        0.6233012072        2.7463622096
C         -2.4835962585        0.5434880850        3.6097975367
C         -3.7408246717        1.0219630573        3.2478083761
C         -3.9549759817        1.6027698864        2.0134740663
H          4.2264979835        1.9160659334       -0.0846961245
H          6.6585217527        1.8352572108        0.1629629503
H          6.4254484070       -2.3246644658        1.1226183320
H          3.9790706648       -2.2381508216        0.9099332770
H          8.7132304310        0.9010977600        0.5633674900
H          2.1671658484       -2.0366878794       -0.5630657357
H          2.1586271997        1.8612126249        1.0101409899
H         -4.9472035091       -2.5802283568       -0.1174105068
H         -4.6155496297       -3.2861113115        2.2267063314
H         -2.4184157136       -3.1107124338        3.2905620914
H         -0.4764551927       -2.2075543188        2.0535675675
H          0.1705331248       -0.2618487270       -3.0451482155
H         -1.3725040375        0.0355504792       -4.9556575090
H         -3.7262486125       -0.6126609253       -4.7831665629
H         -4.6194113738       -1.5955820440       -2.7001290585
H         -4.6472741883        2.9734067356       -0.8452102475
H         -3.7931737746        3.6352839900       -3.0667999564
H         -1.4498063890        3.2682793348       -3.6700062365
H          0.1215019460        2.2128853715       -2.0780441113
H         -0.4330515654        0.2575864701        3.0281551518
H         -2.3486361984        0.1004255010        4.5853180891
H         -4.5582785194        0.9383438850        3.9486442881
H         -4.9295495620        1.9782398637        1.7387482945
