C          3.8465886746       -0.0049328579        0.0109129081
C          4.5514790573       -1.2015249731        0.1234029687
C          5.9306871041       -1.1992882558        0.1212789194
C          6.6283038016       -0.0013407195        0.0128156700
C          5.9313588512        1.1951962335       -0.0970121170
C          4.5508674019        1.1911823349       -0.1008371371
S          8.3952271680       -0.0563031260        0.0195724875
N          2.4454959424       -0.0045156002        0.0096857019
C          1.6532519914       -0.9958577096       -0.4913056254
C          0.3401502449       -0.6350891770       -0.3241038791
C          0.3402440707        0.6313186969        0.3343826464
C          1.6534555009        0.9887595860        0.5073784474
N         -0.8011182564       -1.3499662088       -0.6908278133
C         -1.1437209624       -2.6061169191       -0.2345466330
C         -2.4877921963       -2.8793973740       -0.5781184068
C         -2.9766649536       -1.7176861358       -1.2660663499
C         -1.9019913580       -0.8010811017       -1.3149731345
N         -0.8004815234        1.3506161632        0.6939213257
C         -1.1344512103        2.6078530969        0.2339026953
C         -2.4805177130        2.8862313655        0.5651224488
C         -2.9799093561        1.7265386433        1.2489555602
C         -1.9091561542        0.8059165817        1.3078651610
C         -3.0593067643       -4.0926926281       -0.2182725190
C         -2.2923654236       -5.0062143561        0.4776841438
C         -0.9725939041       -4.7212236468        0.8224101183
C         -0.3809298972       -3.5222408398        0.4740813309
C         -2.0272432100        0.4206975219       -1.9595634881
C         -3.2564926447        0.7399029922       -2.5011679835
C         -4.3327681630       -0.1417763594       -2.4277152624
C         -4.2008414590       -1.3772228270       -1.8255126669
C         -3.0442711131        4.1014205896        0.1993981176
C         -2.2677191217        5.0116698343       -0.4901733786
C         -0.9459810683        4.7215854967       -0.8228616719
C         -0.3619499447        3.5206619598       -0.4684149283
C         -2.0448843437       -0.4152780118        1.9514266842
C         -3.2804217788       -0.7300299150        2.4812339520
C         -4.3527622414        0.1555041168        2.3974159387
C         -4.2105874596        1.3905193659        1.7966563007
H          4.0216536802       -2.1345947375        0.2282307129
H          6.4757430841       -2.1262514653        0.2106004195
H          6.4624498522        2.1303831678       -0.1866191063
H          4.0194853036        2.1232669990       -0.2071464476
H          8.5796810010        1.2554921791       -0.0925651577
H          2.0601213824       -1.8632983917       -0.9688087782
H          2.0601332005        1.8546073888        0.9878015468
H         -4.0848073872       -4.3112062514       -0.4760438900
H         -2.7193790690       -5.9553017057        0.7660820981
H         -0.4020512322       -5.4529315289        1.3751668699
H          0.6379191765       -3.3002960241        0.7531460695
H         -1.1943868615        1.1025242952       -2.0394981430
H         -3.3842298781        1.6927872111       -2.9933029719
H         -5.2798706467        0.1455797898       -2.8597746229
H         -5.0307990493       -2.0668662460       -1.7872316878
H         -4.0711903506        4.3239236827        0.4479228876
H         -2.6886715717        5.9621270497       -0.7829364292
H         -0.3679696382        5.4507419207       -1.3711624957
H          0.6582746636        3.2943724670       -0.7385503798
H         -1.2152681825       -1.1001090065        2.0394029771
H         -3.4162762993       -1.6824295594        2.9721631695
H         -5.3050838328       -0.1286189141        2.8200620053
H         -5.0377674364        2.0829944463        1.7502317097
