-0.803786 0.939489 0.075200 -0.014687 0.000000
-0.723408 0.924644 0.085475 -0.010118 0.000000
-0.643029 0.936539 0.089982 -0.026520 0.000000
-0.562650 0.894561 0.109195 -0.003754 0.000000
-0.482272 0.887096 0.067110 0.045791 0.000000
-0.401893 0.878423 0.067722 0.053856 0.000000
-0.321514 0.823082 0.118694 0.058223 0.000000
-0.241136 0.774662 0.150323 0.075016 0.000000
-0.160757 0.730751 0.187663 0.081587 0.000000
-0.080379 0.737043 0.183200 0.079758 0.000000
-0.040189 0.285278 0.605640 0.109086 0.000000
-0.020095 0.261299 0.636674 0.102027 0.000000
-0.010047 0.273001 0.630008 0.096987 0.000000
0.000000 0.264530 0.642662 0.092806 0.000000
0.005024 0.252216 0.641795 0.105990 0.000000
0.010047 0.235420 0.662603 0.101979 0.000000
0.020095 0.252138 0.654755 0.093103 0.000000
0.040189 0.255163 0.670945 0.073895 0.000000
0.080379 0.232475 0.683114 0.084410 0.000000
0.160757 0.220764 0.715307 0.063928 0.000000
0.241136 0.170853 0.751791 0.077356 0.000000
0.321514 0.196604 0.755011 0.048385 0.000000
0.401893 0.151848 0.799320 0.048829 0.000000
0.482272 0.116943 0.849861 0.033198 0.000000
0.562650 0.080463 0.911082 0.008456 0.000000
0.643029 0.075414 0.911973 0.012614 0.000000
0.723408 0.068554 0.927880 0.003565 0.000000
0.803786 0.056648 0.970188 -0.026837 0.000000

