C          3.2962415750        0.3046085728       -0.2578247616
C          4.1056654010       -0.8314574224       -0.2432772729
C          5.4774890440       -0.7065403072       -0.2024602223
C          6.0645896344        0.5607988280       -0.1752484514
C          5.2543847534        1.6988723738       -0.1860161932
C          3.8829469559        1.5699743104       -0.2262374671
C          1.8407416902        0.1712714177       -0.3137500540
N          1.1178078350        1.2839702729       -0.2910903875
C         -0.2062892773        1.1120357506       -0.3520257218
N         -0.8155426535       -0.0654872499       -0.4765166262
C          0.0029618368       -1.1182236680       -0.4814646431
N          1.3331365576       -1.0543761523       -0.3870754279
N         -0.5635142773       -2.3489164790       -0.5423083325
C          0.1866466894       -3.5230762983       -0.3077434222
C         -0.2713404178       -4.4503513472        0.6252866562
S         -1.7883553659       -4.1608563414        1.5002201299
C         -2.6621382577       -3.3082762137        0.2143268733
C         -1.9608058665       -2.5029588003       -0.6773380817
N         -0.9760278146        2.2230904512       -0.2299428338
C         -0.3804441475        3.4918523771       -0.0472868358
C         -0.7893279452        4.3081570871        1.0031611261
S         -2.0603349490        3.7598569263        2.1110424055
C         -3.0104361463        2.8035102572        0.9589635349
C         -2.3800149857        2.1440060931       -0.0934401547
C         -4.0353983849       -3.4600789615        0.0950910642
C         -4.7099199599       -2.8188250426       -0.9271078339
C         -4.0103830687       -2.0534300402       -1.8462565031
C         -2.6410702064       -1.9031697121       -1.7277435516
C          1.3578430407       -3.7864325214       -1.0053580514
C          2.0855652831       -4.9317821034       -0.7350680843
C          1.6386375514       -5.8367971543        0.2141351716
C          0.4527948545       -5.6039221546        0.8857790102
C         -4.3852401075        2.7213056142        1.1203700301
C         -5.1388225821        1.9813031203        0.2284055853
C         -4.5223136791        1.3509074384       -0.8397132469
C         -3.1525673531        1.4419587171       -1.0079334580
C          0.5935650498        3.9548291433       -0.9226226333
C          1.1839326395        5.1889563621       -0.7192290660
C          0.7904390533        5.9848496540        0.3448803831
C         -0.2059059403        5.5512353294        1.1991742337
C          7.4730358533        0.6908674563       -0.1362713189
C          8.6686706420        0.8009086039       -0.1047162503
H          3.6361696893       -1.8028559086       -0.2609188959
H          6.1072499325       -1.5834804504       -0.1907395875
H          5.7120830683        2.6764649176       -0.1621704525
H          3.2423082918        2.4384370831       -0.2325785271
H         -4.5583116123       -4.0785700467        0.8073821179
H         -5.7787029671       -2.9317021976       -1.0141101071
H         -4.5288842169       -1.5803927695       -2.6650304490
H         -2.0822185875       -1.3188183145       -2.4412545617
H          1.6983518090       -3.0768333194       -1.7413439626
H          3.0024152557       -5.1175734278       -1.2719451949
H          2.2066938453       -6.7284162046        0.4265651629
H          0.0809213093       -6.3011170414        1.6199952233
H         -4.8457897108        3.2337116489        1.9503791513
H         -6.2061755419        1.9082442213        0.3626750175
H         -5.1085765384        0.7882733677       -1.5478549656
H         -2.6658320855        0.9573906048       -1.8366241960
H          0.8952190122        3.3291260889       -1.7471221674
H          1.9510294059        5.5293163131       -1.3967870572
H          1.2518856909        6.9460445368        0.5058500271
H         -0.5353440844        6.1591737524        2.0270059052
H          9.7130310489        0.8971093394       -0.0764488089
