C         -0.3876915076        3.4898007960        0.1303311222
C          0.3227745079        4.3158794559       -0.7430930464
C          0.1677695994        5.6809765560       -0.6836224591
C         -0.7011116318        6.2669220356        0.2466734322
C         -1.4089362632        5.4291068013        1.1178202783
C         -1.2551765453        4.0629287555        1.0623227806
C         -0.8495402141        7.7038286639        0.2923427423
S          0.0527825123        8.7466152395       -0.6103522783
S         -2.0740933727        8.3268283840        1.3831360949
N         -0.2326168197        2.1050548940        0.0734705247
C          0.9709112723        1.4268794092        0.0121669387
C          0.7209313931        0.0352047008       -0.0224860251
C         -0.7062117510       -0.1251165340        0.0029463203
C         -1.2568281117        1.1758203347        0.0717367088
C          1.7733382215       -0.8677824708       -0.0454263869
C          3.0660320834       -0.3680773193       -0.0392304450
C          3.3062508292        1.0070665360        0.0144045440
C          2.2687308454        1.9177461665        0.0502617543
C         -2.6311048152        1.3706410281        0.0588484172
C         -3.4425586451        0.2539771799        0.0154512439
C         -2.9048778532       -1.0343615965       -0.0324344226
C         -1.5339044340       -1.2365906738       -0.0513621449
N          4.1885499890       -1.2493558221       -0.0558742383
C          4.7714727957       -1.5551690909        1.1705287517
C          5.9792146504       -2.2477102193        1.2871101916
S          6.9197358154       -2.7541699082       -0.1293838399
C          5.7000825565       -2.6151755702       -1.4113813708
C          4.5322379331       -1.8622267000       -1.2566477342
N         -3.8045059739       -2.1411277397       -0.0917439794
C         -4.0035799797       -2.8919198914        1.0625014313
C         -4.9639002852       -3.9043498920        1.1477063036
S         -6.1066010280       -4.2453121713       -0.1670025722
C         -5.3030535499       -3.4421479881       -1.5296441592
C         -4.2929790992       -2.4943958526       -1.3461555809
C          5.9943934675       -3.2440528015       -2.6091603055
C          5.1525417691       -3.1169038401       -3.7001894481
C          4.0136317494       -2.3434920935       -3.5779898180
C          3.7075004819       -1.7308528374       -2.3762852895
C          4.1396607274       -1.1698621484        2.3553946855
C          4.6908312463       -1.4473469127        3.5930756137
C          5.8848429267       -2.1372134459        3.6887657632
C          6.5200547814       -2.5411215971        2.5274771203
C         -5.7528587839       -3.7737545088       -2.7964344951
C         -5.2251404330       -3.1575395603       -3.9176306541
C         -4.2294186758       -2.2126547847       -3.7553126468
C         -3.7656590052       -1.8938744143       -2.4919702488
C         -3.2394920154       -2.6422806310        2.2048276973
C         -3.4021342785       -3.3827580033        3.3617013638
C         -4.3299449303       -4.4058005481        3.4141971668
C         -5.1112516794       -4.6575571196        2.2999825174
H          0.9733726798        3.8788197834       -1.4839237440
H          0.7065598534        6.3181474254       -1.3679203400
H         -2.0711027960        5.8591890144        1.8538794160
H         -1.7845516900        3.4320449244        1.7585243271
H         -1.8587388508        9.6122853761        1.1166388999
H          1.5966847552       -1.9321046176       -0.0606520652
H          4.3282537080        1.3522859155        0.0401075406
H          2.4716680815        2.9740527119        0.1198344949
H         -3.0617844628        2.3586060594        0.0670060902
H         -4.5155873882        0.3665789062        0.0060527294
H         -1.1274914770       -2.2341719275       -0.1135499050
H          6.9048930042       -3.8202544012       -2.6777273198
H          5.3951913697       -3.6057887568       -4.6300953661
H          3.3508445649       -2.2127079829       -4.4194287362
H          2.8153756344       -1.1298076435       -2.3078266641
H          3.2026604750       -0.6389819571        2.3040886955
H          4.1759362608       -1.1226915538        4.4840151842
H          6.3219666700       -2.3598460519        4.6489578732
H          7.4557583172       -3.0782613388        2.5671009864
H         -6.5348810924       -4.5124656880       -2.8881016988
H         -5.5919518785       -3.4147083571       -4.8984234562
H         -3.8020192888       -1.7180856434       -4.6138491399
H         -2.9820043069       -1.1605369457       -2.3894052940
H         -2.5112599046       -1.8477421486        2.1900004433
H         -2.7936819706       -3.1541481397        4.2230427489
H         -4.4579842154       -4.9945889062        4.3083736835
H         -5.8619122802       -5.4334407571        2.3151031214
