C         -0.3875329764        3.4680289116        0.0331094393
C          0.3514626778        4.2651795665       -0.8413450980
C          0.2198139343        5.6363618468       -0.8133345252
C         -0.6680491927        6.2482802204        0.0779280131
C         -1.4228079374        5.4396457336        0.9346923811
C         -1.2774630814        4.0711059152        0.9230830567
C         -0.8655383129        7.6855536456        0.1107871217
S         -2.3198436248        8.3676176338        0.4703984555
S          0.4725170781        8.7517709918       -0.2540717105
N         -0.2429778996        2.0796998550        0.0120341074
C          0.9557563102        1.3919025433        0.0061653343
C          0.6972250560        0.0019175789       -0.0115222086
C         -0.7309181075       -0.1477279309       -0.0209986263
C         -1.2733742953        1.1587896686       -0.0019293569
C          1.7457363743       -0.9076518344       -0.0018513183
C          3.0380034494       -0.4153643543        0.0400501481
C          3.2870794911        0.9603969204        0.0905973235
C          2.2553283863        1.8767712952        0.0778799921
C         -2.6449419044        1.3643986686       -0.0602831151
C         -3.4644416069        0.2533339178       -0.0915226636
C         -2.9358862948       -1.0394408806       -0.0777375361
C         -1.5672431042       -1.2538722385       -0.0543941060
N          4.1344978526       -1.3316205745        0.0482647033
C          4.7668790733       -1.5864961680       -1.1637746179
C          5.8155900463       -2.5005553244       -1.2987644720
S          6.3924485938       -3.5014660146        0.0486344904
C          5.6266716623       -2.6973565616        1.4329071579
C          4.6043735192       -1.7556944309        1.2866051425
N         -3.8422013363       -2.1435616992       -0.1005203686
C         -4.1940943538       -2.6631413010       -1.3413167423
C         -5.1722335165       -3.6480428906       -1.5037572228
S         -6.1243285477       -4.2791536466       -0.1454667218
C         -5.1760278230       -3.7014355975        1.2390846410
C         -4.1990855556       -2.7092204851        1.1186359586
C          6.0738127989       -3.0794647076        2.6863731011
C          5.5050810117       -2.5520661309        3.8325958155
C          4.4832148912       -1.6299963626        3.7077008574
C          4.0457977515       -1.2348843709        2.4565096168
C          4.3514035507       -0.9191814348       -2.3187288255
C          4.9604876377       -1.1365575200       -3.5413106880
C          6.0141402852       -2.0242161031       -3.6500122528
C          6.4345886506       -2.7044328204       -2.5203982865
C         -5.4864721306       -4.2549345335        2.4695746628
C         -4.8519268060       -3.8219239122        3.6208497489
C         -3.8986146584       -2.8259662595        3.5240590030
C         -3.5747034120       -2.2836833274        2.2936215398
C         -3.5600340909       -2.1973961082       -2.4956544979
C         -3.8797647083       -2.6911992105       -3.7473992561
C         -4.8372207612       -3.6781491949       -3.8867572137
C         -5.4784722477       -4.1531192221       -2.7559174212
H          1.0075455584        3.8021881513       -1.5611841437
H          0.7659858220        6.2316498644       -1.5293046317
H         -2.1055921663        5.9099072441        1.6254620593
H         -1.8360900599        3.4638708709        1.6173594323
H          1.4406517627        7.8320918599       -0.2626261831
H          1.5653322678       -1.9708327380       -0.0181547133
H          4.3105326971        1.2988810441        0.1433890476
H          2.4611427389        2.9329151301        0.1388013229
H         -3.0670625860        2.3557068339       -0.0937232552
H         -4.5359992315        0.3733880330       -0.1316338656
H         -1.1695172253       -2.2567419063       -0.0653485430
H          6.8683163005       -3.8079820393        2.7488029450
H          5.8565410489       -2.8643031894        4.8029639081
H          4.0193431530       -1.2077936135        4.5857105799
H          3.2504455950       -0.5107849863        2.3833343336
H          3.5307853366       -0.2228786373       -2.2579210710
H          4.6049643554       -0.6036365101       -4.4095756944
H          6.5005634523       -2.1965348013       -4.5967494617
H          7.2442958144       -3.4167258992       -2.5738687394
H         -6.2457851727       -5.0213602922        2.5120641385
H         -5.1083814123       -4.2548544250        4.5744904329
H         -3.3963496611       -2.4643074374        4.4079656161
H         -2.8264308647       -1.5093881906        2.2418101682
H         -2.8076330669       -1.4300332625       -2.4098807811
H         -3.3708261304       -2.2990473984       -4.6143034341
H         -5.0908986785       -4.0730222533       -4.8574998702
H         -6.2394964870       -4.9153198049       -2.8312040523
