C         -0.3881329417        3.4971771831        0.0020691545
C          0.3421111919        4.2848897404       -0.8902308197
C          0.1878593941        5.6513681902       -0.8924219985
C         -0.6999497073        6.2767819704       -0.0068379069
C         -1.4278453908        5.4772242775        0.8834113437
C         -1.2749244403        4.1097068291        0.8895557033
C         -0.8466046324        7.7146700009       -0.0253353588
S          0.0711205394        8.7163797711       -0.9584046646
S         -2.0859130583        8.3856782266        1.0191037197
N         -0.2330115692        2.1110055915        0.0066782139
C          0.9713321463        1.4319266604       -0.0058237452
C          0.7221183951        0.0395514994       -0.0000344022
C         -0.7052205766       -0.1206210962        0.0080335445
C         -1.2570602778        1.1817766834        0.0172929565
C          1.7756668850       -0.8622858806        0.0126736945
C          3.0671064252       -0.3601462198        0.0300331477
C          3.3065562584        1.0154815688        0.0547943990
C          2.2677142616        1.9255721046        0.0432100693
C         -2.6307193967        1.3755346289       -0.0296211902
C         -3.4417229895        0.2576062066       -0.0438964599
C         -2.9030830394       -1.0306927607       -0.0246538938
C         -1.5323638920       -1.2337211629       -0.0087903015
N          4.1882277365       -1.2454222645        0.0379451652
C          4.6375000154       -1.7054142755        1.2710534381
C          5.7995360240       -2.4673268414        1.4205335513
S          6.8666549647       -2.8560915789        0.0567238935
C          5.8211655861       -2.4633632899       -1.3225523400
C          4.6576644224       -1.7006003767       -1.1893366558
N         -3.7998448656       -2.1425328451       -0.0401096332
C         -4.1518318600       -2.6665859644       -1.2793240378
C         -5.1179104906       -3.6642400672       -1.4359420056
S         -6.0525039495       -4.3074625428       -0.0713559033
C         -5.0945688206       -3.7273762035        1.3056092198
C         -4.1335190801       -2.7204073679        1.1800889225
C          6.2425728925       -2.9158426657       -2.5613164499
C          5.5329087721       -2.6035319356       -3.7078068482
C          4.3914336413       -1.8320945682       -3.5979137626
C          3.9590299689       -1.3936655679       -2.3594400257
C          3.9180210140       -1.4054738650        2.4302750354
C          4.3306999315       -1.8477887063        3.6740788589
C          5.4723302687       -2.6165272122        3.8001681362
C          6.2014014613       -2.9234219316        2.6644621846
C         -5.3817373002       -4.2936078814        2.5359585413
C         -4.7399349372       -3.8583289399        3.6823440380
C         -3.8035987616       -2.8468043700        3.5809365148
C         -3.5023531982       -2.2919830577        2.3502993218
C         -3.5311670497       -2.1923402434       -2.4374814416
C         -3.8525825422       -2.6897626105       -3.6873753555
C         -4.7978708743       -3.6891469543       -3.8210364524
C         -5.4253762579       -4.1730833523       -2.6863010005
H          1.0082239985        3.8163510182       -1.5972597173
H          0.7425096816        6.2584579322       -1.5912172405
H         -2.1057056466        5.9385270835        1.5854799716
H         -1.8205199978        3.5093928589        1.6000907444
H         -1.8640786959        9.6581721039        0.7006759299
H          1.6017816540       -1.9270842858        0.0147430842
H          4.3277997208        1.3620171490        0.0885147351
H          2.4680124702        2.9838238356        0.0858022768
H         -3.0609752300        2.3628971065       -0.0694348483
H         -4.5143715789        0.3689195422       -0.0767467931
H         -1.1262914372       -2.2332817684       -0.0153988734
H          7.1457439544       -3.5051433940       -2.6138512289
H          5.8758445515       -2.9546547527       -4.6678743427
H          3.8255834339       -1.5673075185       -4.4777294866
H          3.0644015711       -0.7953455807       -2.2971133445
H          3.0229626284       -0.8092370778        2.3552743265
H          3.7492705902       -1.5880910376        4.5451743902
H          5.8003030783       -2.9701253767        4.7645336964
H          7.1046426057       -3.5113362346        2.7296957502
H         -6.1289484160       -5.0715893972        2.5824880631
H         -4.9781407251       -4.3013919267        4.6360609827
H         -3.2969343320       -2.4827804085        4.4613389881
H         -2.7672045625       -1.5054642838        2.2946753144
H         -2.7880848549       -1.4154218580       -2.3567367278
H         -3.3543633890       -2.2905853165       -4.5573230285
H         -5.0525153057       -4.0868476178       -4.7903785168
H         -6.1765841698       -4.9453665331       -2.7571387730
