C         -0.4331503426        3.4885759451       -0.3902815845
C          0.2859694098        4.1490883189       -1.3894817290
C          0.1198428011        5.5000863906       -1.5857225864
C         -0.7500718254        6.2428095887       -0.7780133635
C         -1.4721552141        5.5737329780        0.2168955479
C         -1.3223095385        4.2176155562        0.4024126235
C         -0.9054190614        7.6610340280       -1.0301680539
S         -0.7308493166        8.3217544569       -2.5292052643
S         -1.3082076342        8.7416482478        0.2879106128
N         -0.2684883497        2.1215509921       -0.1898881594
C          0.9448993110        1.4486577367       -0.1290204545
C          0.7100380103        0.0757503537        0.0871631199
C         -0.7162780406       -0.0906992416        0.1429632976
C         -1.2814053838        1.1962688034       -0.0258797635
C          1.7586298810       -0.8189730127        0.2220218128
C          3.0678769120       -0.3433752029        0.1715970966
C          3.2829957385        1.0273933472       -0.0577851810
C          2.2448394477        1.9246633837       -0.1977045400
C         -2.6579033142        1.3676491199       -0.0791271436
C         -3.4581193509        0.2538814460        0.0866347275
C         -2.9057617335       -1.0118797492        0.2899631932
C         -1.5324777016       -1.1986867381        0.3087245804
N          4.1461481728       -1.2131485595        0.2832336620
C          3.9887045691       -2.6097511466        0.3899687420
C          4.6345786627       -3.4481083331       -0.5169093655
S          5.6635679907       -2.7288745349       -1.7746488477
C          6.3174084179       -1.4130549647       -0.7745126085
C          5.4859366534       -0.7953290608        0.1579236535
N         -3.7904612430       -2.1203476051        0.4669171994
C         -4.1272865921       -2.4714695547        1.7692301833
C         -5.0805471322       -3.4477383973        2.0719492679
S         -6.0200247059       -4.2829228677        0.8187422520
C         -5.0891345451       -3.8796034293       -0.6372743944
C         -4.1356770465       -2.8576840108       -0.6596163019
C          7.6403430464       -1.0264069124       -0.9148857837
C          8.1488292817       -0.0206376854       -0.1132099568
C          7.3448582901        0.5685758336        0.8499997761
C          6.0270405707        0.1757884803        0.9958727229
C          3.2575377635       -3.1837553433        1.4261058292
C          3.1132958360       -4.5570862427        1.5020990528
C          3.7202638237       -5.3780317775        0.5646534397
C          4.4989675378       -4.8245011312       -0.4353355277
C         -5.3884559338       -4.6050759064       -1.7777514108
C         -4.7656899592       -4.3211599828       -2.9807571326
C         -3.8349891118       -3.3003928617       -3.0268113015
C         -3.5218824982       -2.5857799716       -1.8848189493
C         -3.5046073499       -1.8336926258        2.8450620183
C         -3.8100114414       -2.1567129835        4.1547312778
C         -4.7415744900       -3.1386630621        4.4344988791
C         -5.3722582940       -3.7816124734        3.3835306024
H          0.9508471494        3.5900581046       -2.0284683931
H          0.6655069868        6.0083732399       -2.3658727575
H         -2.1856632929        6.1099852496        0.8242525987
H         -1.8766606768        3.7182362977        1.1810514468
H         -1.1249981119        7.8827762695        1.2934864803
H          1.5469017234       -1.8678719716        0.3455664223
H          4.2911977045        1.3966688476       -0.1505550949
H          2.4593069359        2.9703076605       -0.3502052512
H         -3.1007946050        2.3334337094       -0.2612846387
H         -4.5324245196        0.3511926456        0.0558011089
H         -1.1159372481       -2.1852771248        0.4423287351
H          8.2558480254       -1.5132946402       -1.6552912010
H          9.1751976998        0.2893643445       -0.2300575516
H          7.7471106544        1.3333009974        1.4959775043
H          5.4034846622        0.6194813190        1.7568325861
H          2.8040524230       -2.5438394665        2.1674231031
H          2.5299621811       -4.9877924129        2.3010654464
H          3.6032629231       -6.4487377211        0.6211987542
H          4.9998587543       -5.4473141922       -1.1601564203
H         -6.1297957974       -5.3872055247       -1.7104247300
H         -5.0133931335       -4.8872890914       -3.8643841305
H         -3.3416823467       -3.0533229521       -3.9542480605
H         -2.7909354973       -1.7953042698       -1.9433245987
H         -2.7726057156       -1.0668763211        2.6489951676
H         -3.3105236089       -1.6348510460        4.9563261763
H         -4.9838971264       -3.4011251820        5.4518562000
H         -6.1140551616       -4.5443193948        3.5672240840
