C         -0.3992659211        3.4967494901       -0.0372096738
C         -1.2370562777        4.1039799665       -0.9736612728
C         -1.3906265648        5.4717010025       -0.9795936065
C         -0.6956776592        6.2753959222       -0.0692468397
C          0.1385995788        5.6590110895        0.8694654059
C          0.2778250802        4.2885087621        0.8906688026
C         -0.8988921381        7.7119104306       -0.1000704831
S         -2.3313481970        8.3905404369       -0.5439707402
S          0.4076050454        8.7809396192        0.3588832090
N         -0.2438700220        2.1094930234       -0.0232546176
C          0.9593884443        1.4331197408        0.0487003233
C          0.7133728412        0.0401848220        0.0362034825
C         -0.7115561358       -0.1225491837       -0.0395500520
C         -1.2642913903        1.1791134073       -0.0800582742
C          1.7685594404       -0.8590946577        0.0767060421
C          3.0581846662       -0.3538508111        0.1196985351
C          3.2956684519        1.0222428041        0.1038809325
C          2.2554759426        1.9297879354        0.0628789949
C         -2.6388481160        1.3712278279       -0.1023213788
C         -3.4480034893        0.2522515695       -0.1256081485
C         -2.9073224877       -1.0354430390       -0.1133803824
C         -1.5373979579       -1.2366304785       -0.0591411972
N          4.1808819090       -1.2361394398        0.1664783305
C          4.6870560890       -1.6989821201       -1.0432753574
C          5.8550274470       -2.4609137770       -1.1361764245
S          6.8574708037       -2.8435807833        0.2775128822
C          5.7417883445       -2.4600060020        1.6035510822
C          4.5859238903       -1.6974589322        1.4143196430
N         -3.8025866436       -2.1483197534       -0.1391432261
C         -4.2480315001       -2.6405236514        1.0829930196
C         -5.2283501203       -3.6304112207        1.1926212175
S         -6.0599758972       -4.3068366497       -0.2216506529
C         -4.9961157526       -3.7675258524       -1.5360258117
C         -4.0456785872       -2.7568720848       -1.3657098546
C          6.0992522935       -2.9184726519        2.8600627436
C          5.3313660574       -2.6119333804        3.9700283005
C          4.1966253243       -1.8402874728        3.8053416851
C          3.8280463544       -1.3961041431        2.5484282834
C          4.0232157464       -1.4014441767       -2.2358490985
C          4.4940990686       -1.8466292259       -3.4577544587
C          5.6399648769       -2.6162095930       -3.5280791896
C          6.3147142314       -2.9204871210       -2.3585731891
C         -5.1898226958       -4.3681951613       -2.7682849674
C         -4.4631060687       -3.9639568926       -3.8746412539
C         -3.5383522198       -2.9468959718       -3.7313243132
C         -3.3303629154       -2.3578681021       -2.4972979157
C         -3.7096156610       -2.1416411242        2.2715806151
C         -4.1257467846       -2.6054521517        3.5063261930
C         -5.0859500708       -3.5956420190        3.5946834850
C         -5.6306973224       -4.1058164750        2.4291352067
H         -1.7475960529        3.5011112586       -1.7076479559
H         -2.0323264310        5.9454982337       -1.7063977392
H          0.6347909034        6.2495479650        1.6246766947
H          0.8911289123        3.8213802612        1.6447603840
H          1.3783790872        7.8660492889        0.4200544738
H          1.5973209902       -1.9243451858        0.0693632324
H          4.3167669136        1.3703020953        0.1189875651
H          2.4546609947        2.9882988143        0.0276340547
H         -3.0718116320        2.3583109242       -0.0881462994
H         -4.5211911184        0.3621254043       -0.1469686890
H         -1.1312956332       -2.2357860450       -0.0287302185
H          6.9989660451       -3.5075822469        2.9561829960
H          5.6247769470       -2.9675724648        4.9447486762
H          3.5863027858       -1.5800266384        4.6562991324
H          2.9373135334       -0.7980732553        2.4430649206
H          3.1255813277       -0.8051731787       -2.2047313174
H          3.9546669494       -1.5887371634       -4.3560198051
H          6.0127241560       -2.9723880576       -4.4750989427
H          7.2198805242       -3.5087133922       -2.3799688966
H         -5.9321331249       -5.1480384878       -2.8494789545
H         -4.6282989280       -4.4341119489       -4.8308283905
H         -2.9681098772       -2.6049932925       -4.5812013938
H         -2.6034388072       -1.5667031259       -2.4093274069
H         -2.9558378895       -1.3721860687        2.2260742167
H         -3.6896422804       -2.1875845403        4.4004843118
H         -5.4146069325       -3.9669183036        4.5521592133
H         -6.3897331046       -4.8729183278        2.4633679423
