C         -0.3982531193        3.4486594371       -0.0736041481
C         -1.2598709657        4.0503287195       -0.9932869804
C         -1.4149852567        5.4166124546       -1.0046455428
C         -0.7152823124        6.2277636843       -0.1012410005
C          0.1449898889        5.6140402778        0.8179384993
C          0.3010764711        4.2469487757        0.8335753055
C         -0.8908385946        7.6621303962       -0.1316602106
S         -1.9868720368        8.4299669404       -1.0936668068
S          0.1463436353        8.5971176636        0.9300425441
N         -0.2384152877        2.0631782195       -0.0625423975
C          0.9661740516        1.3860407294       -0.0131627084
C          0.7201301596       -0.0062091293       -0.0347577497
C         -0.7054943950       -0.1692503643       -0.0878651858
C         -1.2590368361        1.1315565733       -0.1054544199
C          1.7759398136       -0.9067336558       -0.0097167721
C          3.0641364445       -0.4037335487        0.0342647455
C          3.3025156543        0.9748325320        0.0276497327
C          2.2633015251        1.8824175477       -0.0060864171
C         -2.6344343379        1.3236844060       -0.0840388989
C         -3.4431471212        0.2054271371       -0.0831138550
C         -2.9009032315       -1.0843013169       -0.1011919295
C         -1.5318485434       -1.2843767856       -0.0963618014
N          4.1656095959       -1.3117948882        0.0870649909
C          4.5749094419       -1.7392289379        1.3462543833
C          5.5851653898       -2.6849569615        1.5403419928
S          6.4200934486       -3.4820217364        0.1927141575
C          5.9164616161       -2.4708684934       -1.1759617948
C          4.8585907594       -1.5609196176       -1.0926154738
N         -3.7701847590       -2.2176731077       -0.0948207297
C         -4.3767750814       -2.5763693806       -1.2939381764
C         -5.1987097066       -3.6995747270       -1.4237985810
S         -5.4652362224       -4.8476022686       -0.0971000121
C         -4.8666575567       -3.9176929990        1.2903849212
C         -4.0970607043       -2.7605203046        1.1441051713
C          6.6009731972       -2.6662938643       -2.3635296303
C          6.2379153424       -1.9833086199       -3.5111795389
C          5.1727302694       -1.1045091385       -3.4559833420
C          4.4980652693       -0.8953028392       -2.2668207181
C          3.9653392278       -1.2149697197        2.4888859180
C          4.3374685559       -1.6164065481        3.7590044532
C          5.3443909436       -2.5472380049        3.9314611830
C          5.9670981962       -3.0736982449        2.8132927401
C         -5.1765608415       -4.4181116085        2.5437409385
C         -4.7153024452       -3.7936767513        3.6893663309
C         -3.9464395754       -2.6520236201        3.5643196135
C         -3.6498784965       -2.1410285248        2.3138137636
C         -4.1650088130       -1.8072905951       -2.4408213751
C         -4.7638252394       -2.1229078976       -3.6469816178
C         -5.6023760453       -3.2169038319       -3.7470836102
C         -5.8110271799       -4.0036802425       -2.6277999864
H         -1.7832652364        3.4421651007       -1.7139342216
H         -2.0702432320        5.8820262203       -1.7247451204
H          0.6806266203        6.2175630355        1.5349184284
H          0.9441250455        3.7862610565        1.5664299443
H         -0.3440002882        9.7870727189        0.5933446451
H          1.6041272690       -1.9713487891       -0.0212217863
H          4.3237258703        1.3237090589        0.0446530309
H          2.4636634194        2.9410394944       -0.0358981857
H         -3.0663944600        2.3107188476       -0.0484987619
H         -4.5167091444        0.3154757628       -0.0639556686
H         -1.1249218977       -2.2830509389       -0.0844540138
H          7.4157257222       -3.3746931157       -2.3766596776
H          6.7757834719       -2.1479203566       -4.4310638110
H          4.8588212198       -0.5717584799       -4.3402912766
H          3.6687697442       -0.2067936758       -2.2491861867
H          3.1817259020       -0.4829095853        2.3786520424
H          3.8345960514       -1.1922615703        4.6142718048
H          5.6443383108       -2.8654354768        4.9170428817
H          6.7540012072       -3.8063076217        2.9125418063
H         -5.7759636123       -5.3140006938        2.6057654105
H         -4.9546886070       -4.1989661043        4.6594217367
H         -3.5733347095       -2.1468393083        4.4417281984
H         -3.0551917880       -1.2447579030        2.2411814002
H         -3.5123251338       -0.9510410231       -2.3879862313
H         -4.5702852863       -1.5036900840       -4.5092313505
H         -6.0808965540       -3.4670017169       -4.6803821549
H         -6.4431590563       -4.8776263956       -2.6768035792
