C         -0.3931389228        3.4940991327        0.1533507901
C         -1.2603607700        4.0692723951        1.0826555532
C         -1.4136208395        5.4365974292        1.1312217686
C         -0.7231069298        6.2667549939        0.2419994688
C          0.1509585830        5.6834211034       -0.6806933071
C          0.3190567196        4.3161084332       -0.7197266668
C         -0.9005288497        7.7050120862        0.3376175547
S         -1.1955713661        8.4647514167        1.7672244811
S         -0.7883590472        8.6880050256       -1.1050363273
N         -0.2351491582        2.1071083237        0.0986786777
C          0.9695753056        1.4316514912        0.0522138594
C          0.7224449490        0.0403328200       -0.0114889831
C         -0.7041986072       -0.1221374868       -0.0040926504
C         -1.2574523981        1.1775709543        0.0729203897
C          1.7775163580       -0.8594775338       -0.0440342122
C          3.0679804697       -0.3578305403        0.0097662670
C          3.3051364946        1.0156463006        0.1027866075
C          2.2654008994        1.9240863432        0.1270860819
C         -2.6320545567        1.3703717104        0.0553583184
C         -3.4415323133        0.2526436218        0.0066970553
C         -2.9012277065       -1.0346375571       -0.0414123090
C         -1.5302823074       -1.2347427308       -0.0624879832
N          4.1903098278       -1.2407979046       -0.0167187954
C          4.7603441888       -1.5088990057       -1.2568987901
C          5.9412825990       -2.2397068830       -1.4108618533
S          6.8702853571       -2.8484586057       -0.0268605509
C          5.6846904036       -2.6806943156        1.2831606974
C          4.5385189369       -1.8892855390        1.1633806990
N         -3.7977655317       -2.1452945975       -0.0848043123
C         -4.0138685750       -2.8570195892        1.0906369963
C         -4.9689327447       -3.8725523683        1.1952643619
S         -6.0790239903       -4.2770414786       -0.1292265701
C         -5.2692037338       -3.4980381329       -1.5026108903
C         -4.2718345729       -2.5341912616       -1.3335190801
C          5.9820464895       -3.3370214984        2.4653961507
C          5.1641670274       -3.2041782729        3.5739160582
C          4.0443970674       -2.3991475366        3.4844578880
C          3.7356606160       -1.7570364948        2.2989635238
C          4.1444790379       -1.0393274151       -2.4195948208
C          4.6808466719       -1.2798482077       -3.6715004214
C          5.8450231774       -2.0128842874       -3.8047784999
C          6.4671483626       -2.4943665852       -2.6660985126
C         -5.7028156795       -3.8659983148       -2.7649523401
C         -5.1716513575       -3.2714251912       -3.8962237731
C         -4.1903513517       -2.3093161416       -3.7481244492
C         -3.7429091860       -1.9535604913       -2.4887710903
C         -3.2705930045       -2.5627321657        2.2362342501
C         -3.4509350179       -3.2603219825        3.4168526569
C         -4.3763597130       -4.2841002507        3.4911645631
C         -5.1347773926       -4.5820534775        2.3725151953
H         -1.7918126897        3.4423807658        1.7808792486
H         -2.0760198697        5.8857271081        1.8550506847
H          0.7323122871        6.3037299480       -1.3459040739
H          0.9887033906        3.8770549708       -1.4420797381
H         -0.7653307840        7.6969717527       -1.9998763894
H          1.6046823142       -1.9231420628       -0.0982156068
H          4.3258254539        1.3609444498        0.1589834453
H          2.4638061246        2.9792906279        0.2219027631
H         -3.0642266124        2.3576695753        0.0703665108
H         -4.5148662511        0.3629165611       -0.0011870341
H         -1.1226621455       -2.2319811582       -0.1224475213
H          6.8755552388       -3.9417517650        2.5074148099
H          5.4097042983       -3.7149489779        4.4912240950
H          3.3990311971       -2.2658474717        4.3389551872
H          2.8580104620       -1.1327149155        2.2553245150
H          3.2311366010       -0.4722932235       -2.3385761817
H          4.1781504148       -0.8920498652       -4.5439473733
H          6.2701521765       -2.2086730117       -4.7761425356
H          7.3811298424       -3.0650200986       -2.7348367706
H         -6.4749195717       -4.6163912630       -2.8454398482
H         -5.5255043998       -3.5580180507       -4.8736000316
H         -3.7617867766       -1.8300338529       -4.6146615897
H         -2.9709066147       -1.2066636767       -2.3962069616
H         -2.5440598634       -1.7671166687        2.2043619577
H         -2.8584723880       -2.9973938673        4.2795718193
H         -4.5191852664       -4.8389711464        4.4045930130
H         -5.8812048664       -5.3616201662        2.4026653422
