C         -0.3826323186        3.4434208846        0.0588370531
C         -1.2667514025        4.0412833709        0.9590496336
C         -1.4220275799        5.4083827351        0.9742061812
C         -0.6992936721        6.2224176587        0.0928655340
C          0.1850815315        5.6117351619       -0.8062989115
C          0.3416743132        4.2455743545       -0.8253173076
C         -0.8480032058        7.6601927313        0.0971470014
S          0.0623400293        8.6774023120       -0.8263566828
S         -2.0813598614        8.3133890870        1.1598510525
N         -0.2252254898        2.0575977258        0.0446884044
C          0.9788813035        1.3786773774        0.0232906151
C          0.7301510688       -0.0133118397        0.0253296713
C         -0.6967131435       -0.1740108314        0.0376819941
C         -1.2483286924        1.1276561231        0.0521049621
C          1.7851663314       -0.9152823773        0.0247424692
C          3.0745073442       -0.4136737697        0.0277883662
C          3.3146229965        0.9643669803        0.0546826863
C          2.2761616847        1.8732741452        0.0613281353
C         -2.6224815472        1.3229114495       -0.0001227582
C         -3.4329585396        0.2063177427       -0.0270193428
C         -2.8934353922       -1.0845097078       -0.0072550521
C         -1.5251517449       -1.2876100244        0.0168460839
N          4.1771964671       -1.3220734519        0.0082856713
C          4.7973778340       -1.6107082479        1.2191767170
C          5.8536390244       -2.5186417869        1.3361057164
S          6.4537967234       -3.4707443567       -0.0360417780
C          5.7011887242       -2.6251850427       -1.4024472853
C          4.6692692776       -1.6973350972       -1.2375307850
N         -3.7657638849       -2.2155192545       -0.0369920394
C         -4.1077159199       -2.7234828734       -1.2861682558
C         -4.8903643864       -3.8688976336       -1.4549887651
S         -5.4812481257       -4.8317100103       -0.0867172549
C         -5.1901581392       -3.7227851041        1.2680191825
C         -4.3632981123       -2.6012102724        1.1583198078
C          6.1691088013       -2.9591491081       -2.6621152068
C          5.6123640210       -2.3956968680       -3.7969725283
C          4.5819887812       -1.4857717759       -3.6541750120
C          4.1239498185       -1.1386401649       -2.3961583188
C          4.3607468603       -0.9877480712        2.3909192144
C          4.9586137246       -1.2394088121        3.6125016098
C          6.0212421558       -2.1183104151        3.7037457737
C          6.4613990911       -2.7564213894        2.5572377682
C         -5.7905259327       -4.0548527475        2.4706538218
C         -5.5654967303       -3.2979782251        3.6072783585
C         -4.7245851390       -2.2042634785        3.5254673140
C         -4.1376622760       -1.8605765694        2.3211443262
C         -3.6618747009       -2.0803432000       -2.4435301911
C         -3.9764637811       -2.5548384487       -3.7040007470
C         -4.7612684930       -3.6828935390       -3.8512786884
C         -5.2180354919       -4.3325417294       -2.7178677751
H         -1.8083017425        3.4292390804        1.6626581027
H         -2.0975068679        5.8579304699        1.6861157795
H          0.7353508217        6.2301795868       -1.4985745942
H          1.0046841859        3.7888580104       -1.5428652176
H         -1.8633670198        9.5909054421        0.8595121814
H          1.6120367111       -1.9797214969        0.0222630636
H          4.3364090443        1.3115042685        0.0753415834
H          2.4765804096        2.9314684622        0.1060883542
H         -3.0515294282        2.3109988733       -0.0382541984
H         -4.5056475697        0.3182353671       -0.0682663539
H         -1.1198882552       -2.2869636049        0.0072947065
H          6.9703263062       -3.6788433497       -2.7387521359
H          5.9797459428       -2.6706702784       -4.7726830685
H          4.1274863732       -1.0357356521       -4.5232132871
H          3.3224167405       -0.4230439057       -2.3086236286
H          3.5330216122       -0.2986495154        2.3443789896
H          4.5870471324       -0.7395306520        4.4936186321
H          6.4992737633       -2.3162569295        4.6497200445
H          7.2780163862       -3.4616842745        2.5963230381
H         -6.4266918127       -4.9265963898        2.5042681467
H         -6.0343876074       -3.5702138953        4.5392703734
H         -4.5200722680       -1.6072538723        4.4007005199
H         -3.4837354132       -1.0045514454        2.2817525092
H         -3.0534538741       -1.1949341332       -2.3532424903
H         -3.6046493130       -2.0319862814       -4.5715941293
H         -5.0153906929       -4.0592540333       -4.8292277130
H         -5.8276398785       -5.2201296927       -2.7976243824
