C         -0.4254672651        3.4712554915       -0.5293764853
C          0.3592852758        4.3603693457        0.2081950469
C          0.1849816406        5.7197307931        0.0764632922
C         -0.7674487946        6.2353779711       -0.8101446449
C         -1.5304807835        5.3377180291       -1.5670016143
C         -1.3724658672        3.9792498669       -1.4222710569
C         -0.9584602559        7.6582737654       -1.0038726499
S         -1.4312814123        8.3041832994       -2.4437721614
S         -0.6715045812        8.7646330145        0.3234283825
N         -0.2612361099        2.0979028007       -0.3792213054
C          0.9507172959        1.4204992945       -0.3469543001
C          0.7138652823        0.0433665722       -0.1621880903
C         -0.7106795209       -0.1156848559       -0.0593879502
C         -1.2747670276        1.1729860813       -0.2157037156
C          1.7566912799       -0.8677444783       -0.1433517993
C          3.0595241521       -0.4131863486       -0.3412459048
C          3.2791374427        0.9669418146       -0.4986559918
C          2.2469967935        1.8818572273       -0.5144384965
C         -2.6467089650        1.3641417602       -0.1250756573
C         -3.4451611281        0.2550634470        0.0746272035
C         -2.8957632974       -1.0221435571        0.2073440623
C         -1.5240784635       -1.2166876061        0.1585704091
N          4.1311890418       -1.2977103012       -0.3224909184
C          3.9750159490       -2.6764755275       -0.0759431267
C          4.7139923403       -3.2829477020        0.9381550302
S          5.8539087176       -2.2975585513        1.8801949110
C          6.3970752605       -1.2726709198        0.5334174713
C          5.4735442768       -0.8851926429       -0.4359493650
N         -3.7822413309       -2.1199051987        0.4233716474
C         -4.2566021688       -2.3043341413        1.7185956330
C         -5.2762122977       -3.2052228273        2.0360539946
S         -6.1032869098       -4.1703935228        0.7987108931
C         -4.9690582128       -4.0212546487       -0.5584704236
C         -4.0022064665       -3.0128487137       -0.6203898834
C          7.7247235238       -0.8865719186        0.4467131500
C          8.1452706042       -0.1145428358       -0.6209766084
C          7.2469807709        0.2352494143       -1.6169585121
C          5.9239302675       -0.1585600421       -1.5347583490
C          3.1509552319       -3.4707936822       -0.8683498398
C          3.0121332011       -4.8200195778       -0.5986889232
C          3.7156718157       -5.4018203484        0.4443212906
C          4.5836704379       -4.6367819417        1.2020206671
C         -5.1346145045       -4.9220578842       -1.5967098572
C         -4.3669314811       -4.8276156293       -2.7442467734
C         -3.4369555283       -3.8098885819       -2.8423605392
C         -3.2559102323       -2.9215307395       -1.7978612618
C         -3.7008920470       -1.5734607551        2.7717042563
C         -4.1524308956       -1.7176594764        4.0708113592
C         -5.1628153489       -2.6139615611        4.3653901104
C         -5.7142804567       -3.3621309712        3.3400954351
H          1.0885740958        3.9773052755        0.9040889499
H          0.8213815295        6.3865598942        0.6385016912
H         -2.2532283727        5.7308431344       -2.2654572937
H         -1.9605750375        3.3024578374       -2.0215372952
H         -0.5538355858        7.8588880754        1.2971100641
H          1.5469046229       -1.9090573943        0.0356352452
H          4.2874688473        1.3351902016       -0.5933454344
H          2.4624168664        2.9272028268       -0.6674460883
H         -3.0869500646        2.3456117034       -0.1960956885
H         -4.5164106197        0.3670234435        0.1433573754
H         -1.1046440640       -2.2021053149        0.2924650100
H          8.4133061420       -1.1900590657        1.2198913057
H          9.1758802056        0.1971605361       -0.6830701747
H          7.5788066995        0.8116625023       -2.4664380466
H          5.2271327132        0.0950576110       -2.3189399096
H          2.6210414230       -3.0201696439       -1.6935119052
H          2.3569083924       -5.4204745484       -1.2104895830
H          3.6033055159       -6.4531653534        0.6572455435
H          5.1588970250       -5.0756524263        2.0024130914
H         -5.8896823588       -5.6874772907       -1.4980312014
H         -4.5085751741       -5.5309436201       -3.5491550096
H         -2.8413453717       -3.7001157548       -3.7354982139
H         -2.5282096727       -2.1332524505       -1.9018444894
H         -2.9039471474       -0.8770786824        2.5652511567
H         -3.7037777789       -1.1253531778        4.8532770692
H         -5.5214539601       -2.7340656838        5.3751321522
H         -6.5058506009       -4.0698515297        3.5356331714
