C         -0.4523983590        3.4863671033        0.3918190271
C         -1.2549510774        4.1943435455       -0.5087266834
C         -1.4061301339        5.5537064563       -0.3825797970
C         -0.7646373519        6.2596728284        0.6458262401
C          0.0381167269        5.5415279271        1.5433281200
C          0.1932652506        4.1817787020        1.4191541012
C         -0.9378295396        7.6855086794        0.7610965372
S         -1.9564546594        8.5692294232       -0.1900704305
S          0.0124860701        8.4920115494        1.9991009758
N         -0.2922639332        2.1132398182        0.2676240691
C          0.9081153121        1.4232581303        0.3839904945
C          0.6783775866        0.0451997199        0.1979725376
C         -0.7319648195       -0.1054384876       -0.0363804869
C         -1.2930388049        1.1931315655        0.0142517297
C          1.7181364735       -0.8677201673        0.2461057387
C          3.0117337216       -0.4103960488        0.4959560541
C          3.2328070085        0.9756026970        0.5908196362
C          2.2039156548        1.8921267688        0.5359181114
C         -2.6636807584        1.3802601435       -0.0988772256
C         -3.4562091532        0.2683502816       -0.3101197239
C         -2.9034062635       -1.0103208199       -0.3965261033
C         -1.5395003908       -1.2111584658       -0.2507633740
N          4.0796997106       -1.2954020786        0.5584048455
C          5.4135549221       -0.8777602994        0.7358907436
C          6.3932825469       -1.2995194970       -0.1610277059
S          5.9314747655       -2.3698291564       -1.5026265092
C          4.7314436181       -3.3206210964       -0.6007431066
C          3.9342145723       -2.6811843766        0.3469528165
N         -3.7786827041       -2.1168746433       -0.6229565301
C         -4.2167213641       -2.8341368334        0.4845461444
C         -5.1708269029       -3.8523129276        0.4016570992
S         -5.9912234650       -4.2700264873       -1.1158990974
C         -4.9569168057       -3.4541437657       -2.3046937548
C         -4.0192461497       -2.4832456885       -1.9422577100
C          4.6113036896       -4.6816912962       -0.8302108728
C          3.6955441405       -5.4209077861       -0.1038044122
C          2.9324592337       -4.8053460408        0.8759852817
C          3.0600613947       -3.4486212690        1.1116150867
C          5.7965070661       -0.1081696977        1.8309611556
C          7.1126170492        0.2890170382        1.9794469090
C          8.0697090325       -0.0983685989        1.0546153100
C          7.7137840442       -0.9093158761       -0.0076551133
C         -5.1533146160       -3.8002730577       -3.6307374683
C         -4.4379807862       -3.1766716674       -4.6382311043
C         -3.5163151884       -2.2038034837       -4.2999730250
C         -3.3066407787       -1.8683830111       -2.9746977872
C         -3.7036532275       -2.5437937417        1.7511383734
C         -4.1089110550       -3.2409989715        2.8748041685
C         -5.0350580912       -4.2614799520        2.7694556417
C         -5.5621270796       -4.5605189889        1.5251355413
H         -1.7289918692        3.6740072282       -1.3257968531
H         -2.0121693302        6.0996278996       -1.0894279786
H          0.5278774409        6.0603881978        2.3535893330
H          0.7902692818        3.6397410844        2.1350499065
H         -0.4555175864        9.7138123658        1.7597014749
H          1.5184219153       -1.9098040866        0.0600467593
H          4.2415040205        1.3451343929        0.6778419495
H          2.4222254311        2.9468214821        0.5876101822
H         -3.1108436201        2.3569035418       -0.0079402133
H         -4.5253375893        0.3783903191       -0.4070772316
H         -1.1246577876       -2.2063464787       -0.2961693502
H          5.2323205451       -5.1463613154       -1.5802249286
H          3.5918212166       -6.4780011461       -0.2910437800
H          2.2387758517       -5.3849632110        1.4649994204
H          2.4825348939       -2.9715408612        1.8884399175
H          5.0521874666        0.1770107293        2.5584572337
H          7.3927601301        0.8981439393        2.8246052720
H          9.0952083566        0.2157337406        1.1678629348
H          8.4475806374       -1.2401417512       -0.7260828550
H         -5.8875545680       -4.5574906176       -3.8615706180
H         -4.6064919202       -3.4479689410       -5.6680967305
H         -2.9493817363       -1.6991944569       -5.0670707190
H         -2.5792103242       -1.1102234044       -2.7325550481
H         -2.9801576065       -1.7515432295        1.8567243754
H         -3.6918783200       -2.9800210331        3.8351995557
H         -5.3537495821       -4.8146328364        3.6383888994
H         -6.2995385575       -5.3407274844        1.4101280897
