C         -0.4191168589        3.4925341713        0.2444176837
C          0.4637578969        4.3419095250       -0.4298411573
C          0.3030532464        5.7045012930       -0.3625021445
C         -0.7420356224        6.2727653276        0.3806160314
C         -1.6228397765        5.4132734584        1.0520550725
C         -1.4662626102        4.0495275855        0.9854378900
C         -0.8902333438        7.7049961229        0.4420297739
S          0.1724765646        8.7701342999       -0.2352312361
S         -2.3007339209        8.3103450872        1.2966567647
N         -0.2573089671        2.1146330539        0.1841893105
C          0.9409884766        1.4258638015        0.3261640395
C          0.7010853192        0.0406079986        0.2232730476
C         -0.7099135378       -0.1143734289       -0.0038752173
C         -1.2631101110        1.1877638592       -0.0199820612
C          1.7293854362       -0.8777752431        0.3510786359
C          3.0193876909       -0.4203634358        0.6166962119
C          3.2401320364        0.9649593151        0.7163313714
C          2.2223458880        1.8866208770        0.5852440075
C         -2.6096414108        1.3847748556       -0.2937520900
C         -3.4001705520        0.2708104215       -0.4986952755
C         -2.8687497541       -1.0191680372       -0.4363873520
C         -1.5189118618       -1.2236367706       -0.1947804585
N          4.0828624550       -1.3080511466        0.7220003479
C          5.4145975769       -0.8876931512        0.9110750929
C          6.4007704231       -1.2893336383        0.0120608456
S          5.9512664831       -2.3385348274       -1.3499677497
C          4.7484479178       -3.3092152013       -0.4733343271
C          3.9452784164       -2.6907648023        0.4831366424
N         -3.7518937547       -2.1244768918       -0.6265068692
C         -4.5082099264       -2.5220985285        0.4719919055
C         -5.5410188118       -3.4592721321        0.3888055025
S         -6.0216320899       -4.2051135703       -1.1473481923
C         -4.6222179619       -3.8155863103       -2.1669796894
C         -3.7037447775       -2.8155069775       -1.8326586032
C          4.6323758681       -4.6656554403       -0.7308255597
C          3.7150774695       -5.4211859590       -0.0234410687
C          2.9469080269       -4.8273819740        0.9657014674
C          3.0703661044       -3.4752424027        1.2290744625
C          5.7873524166       -0.1325516704        2.0194767712
C          7.1005210670        0.2696773483        2.1807253429
C          8.0642866533       -0.0982638735        1.2548587485
C          7.7183021753       -0.8941278192        0.1780052754
C         -4.5199991935       -4.5150700689       -3.3574049673
C         -3.5208326564       -4.2195539512       -4.2681411799
C         -2.6306449032       -3.2037546455       -3.9750445108
C         -2.7191483682       -2.5170358613       -2.7777232051
C         -4.2396396300       -1.9797638600        1.7313406038
C         -4.9759569521       -2.3368213123        2.8461531012
C         -5.9951823040       -3.2650293094        2.7438266391
C         -6.2654920852       -3.8290869707        1.5093745736
H          1.2538825137        3.9218393462       -1.0316507110
H          0.9761355152        6.3569319135       -0.8975053497
H         -2.4247417795        5.8273520671        1.6446186082
H         -2.1334428440        3.4038622418        1.5340593517
H         -2.0278789801        9.5999895711        1.1185353363
H          1.5209442896       -1.9267649311        0.2236306298
H          4.2406443763        1.3312811932        0.8784650766
H          2.4375196043        2.9377757413        0.6916434457
H         -3.0331591110        2.3734505480       -0.3658897740
H         -4.4522176360        0.3874382657       -0.7088797662
H         -1.1117585062       -2.2226654319       -0.1657479497
H          5.2576940059       -5.1137485977       -1.4873233633
H          3.6143891368       -6.4744627998       -0.2325325004
H          2.2525213374       -5.4205397281        1.5402073279
H          2.4895450433       -3.0148867878        2.0135590688
H          5.0370876099        0.1382355646        2.7465359526
H          7.3729726675        0.8677416291        3.0362833274
H          9.0874206085        0.2197734330        1.3782422959
H          8.4575066552       -1.2087720737       -0.5421745892
H         -5.2489279494       -5.2836169328       -3.5666217367
H         -3.4537976146       -4.7673617613       -5.1944272972
H         -1.8556269995       -2.9380601869       -4.6773869975
H         -2.0161185931       -1.7251277430       -2.5763379132
H         -3.4415881620       -1.2622133532        1.8349662052
H         -4.7432456395       -1.8854506759        3.7982303073
H         -6.5751012093       -3.5503999658        3.6068780172
H         -7.0551871200       -4.5562796439        1.3944635179
