C         -0.3774999894        3.4692829399       -0.0005542981
C          0.3794776225        4.2643723061       -0.8636865142
C          0.2364668620        5.6319271678       -0.8486008153
C         -0.6660489800        6.2513954809        0.0263200954
C         -1.4200351705        5.4446018156        0.8879094768
C         -1.2787365850        4.0758922452        0.8764103753
C         -0.8007886068        7.6904543109        0.0264392072
S          0.1448462315        8.6984846184       -0.8713931012
S         -2.0570578246        8.3560609190        1.0541078889
N         -0.2334801148        2.0821499988       -0.0147950132
C          0.9658118734        1.3943956690       -0.0097155650
C          0.7081213324        0.0045664423       -0.0356482452
C         -0.7199854199       -0.1457240015       -0.0592631465
C         -1.2636372493        1.1600076205       -0.0387407381
C          1.7563101130       -0.9048557337       -0.0113579964
C          3.0477280777       -0.4131998023        0.0599482115
C          3.2948692870        0.9625398719        0.1230825016
C          2.2635856150        1.8790117241        0.0899518901
C         -2.6352443591        1.3634298484       -0.1023852666
C         -3.4532306066        0.2512304060       -0.1339515417
C         -2.9237035606       -1.0412966623       -0.1211216663
C         -1.5543069599       -1.2529972883       -0.1011135073
N          4.1406831989       -1.3319295377        0.0968902998
C          4.8757234839       -1.5127192785       -1.0701893958
C          5.9238091587       -2.4320458807       -1.1724142852
S          6.3495980837       -3.5443366720        0.1431464828
C          5.5057568059       -2.7955101072        1.5125452819
C          4.5158448223       -1.8238283744        1.3434825127
N         -3.8302266450       -2.1440951147       -0.1444217212
C         -4.2893174506       -2.5675971954       -1.3874163837
C         -5.3045446710       -3.5151894539       -1.5413268405
S         -6.1553709829       -4.2271907617       -0.1567364246
C         -5.0585233857       -3.8022586293        1.1725162286
C         -4.0804646802       -2.8108816991        1.0507727539
C          5.8561796699       -3.2493996112        2.7728835819
C          5.2192103315       -2.7650850775        3.9019835425
C          4.2316374925       -1.8095580239        3.7538503914
C          3.8924632467       -1.3419839953        2.4971938222
C          4.5698273222       -0.7676800485       -2.2116519534
C          5.2895684064       -0.9083706607       -3.3843350095
C          6.3467630904       -1.7957346704       -3.4547676741
C          6.6545191929       -2.5583413613       -2.3416394270
C         -5.2591645783       -4.4680322374        2.3697708601
C         -4.5136030816       -4.1479077788        3.4909125310
C         -3.5655508734       -3.1465325901        3.3985917319
C         -3.3504739567       -2.4932269763        2.1985895577
C         -3.7255210295       -2.0409407826       -2.5519534388
C         -4.1577646848       -2.4315586822       -3.8062950519
C         -5.1583253173       -3.3759522460       -3.9390355301
C         -5.7233715061       -3.9182018615       -2.7979402432
H          1.0578188672        3.8007930157       -1.5623346263
H          0.8115741486        6.2448525702       -1.5254247769
H         -2.1093998260        5.9009905116        1.5819437936
H         -1.8447556238        3.4695570460        1.5655047935
H         -1.8182449111        9.6312269899        0.7595701956
H          1.5763304275       -1.9680108858       -0.0328772563
H          4.3163861042        1.3020106404        0.2025904671
H          2.4681819749        2.9350984342        0.1599576774
H         -3.0587439366        2.3539198415       -0.1367661255
H         -4.5248207703        0.3701251628       -0.1755828956
H         -1.1537919684       -2.2546989257       -0.1172545754
H          6.6287074434       -3.9994159684        2.8529101332
H          5.4935144801       -3.1341034165        4.8772526665
H          3.7188555414       -1.4167524025        4.6181627263
H          3.1251865094       -0.5900650246        2.4066106257
H          3.7474530345       -0.0714574680       -2.1821387575
H          5.0174531318       -0.3153649458       -4.2437906344
H          6.9198182660       -1.9067614628       -4.3613281829
H          7.4599484091       -3.2768484860       -2.3696303802
H         -6.0225842285       -5.2303022867        2.4128974789
H         -4.6835741780       -4.6683915378        4.4197925672
H         -2.9821161008       -2.8668990138        4.2621745418
H         -2.6065851185       -1.7145749615        2.1528099256
H         -2.9380364382       -1.3089114456       -2.4710036617
H         -3.7021224226       -1.9935155595       -4.6808546045
H         -5.5008033107       -3.6889569783       -4.9123722177
H         -6.5108082083       -4.6536609355       -2.8668310766
