C         -0.4323410606        3.4637928179        0.3599244701
C          0.3866002077        4.3186464233       -0.3829438706
C          0.2174434680        5.6807953748       -0.3070075994
C         -0.7874698394        6.2382995440        0.4936801674
C         -1.6008377241        5.3766237467        1.2397296756
C         -1.4209053964        4.0133394983        1.1800600990
C         -0.9188194043        7.6783954701        0.5549473973
S          0.3628979931        8.6958324090        0.3619392068
S         -2.4874854696        8.3973904929        0.8567526536
N         -0.2603557546        2.0860916840        0.2895958103
C          0.9536553660        1.4128331393        0.3312311461
C          0.7260017229        0.0269183903        0.2112571411
C         -0.6944185392       -0.1435515585        0.0746449246
C         -1.2651803079        1.1496807439        0.1367358406
C          1.7731303138       -0.8783455426        0.2567466975
C          3.0701177848       -0.4071392879        0.4539227589
C          3.2790753153        0.9794919858        0.5613905257
C          2.2428091716        1.8884278407        0.5132425117
C         -2.6326529015        1.3333194122       -0.0214473850
C         -3.4216836874        0.2140821996       -0.1965553067
C         -2.8652983970       -1.0681516961       -0.2282382845
C         -1.5001264896       -1.2585015973       -0.1030566809
N          4.1489457668       -1.2826270608        0.4840858121
C          5.4850913268       -0.8493637845        0.5960719557
C          6.4200809219       -1.2384795756       -0.3613419622
S          5.9008552634       -2.2904644675       -1.6963228829
C          4.7645189151       -3.2759206565       -0.7499776105
C          4.0118345080       -2.6662979191        0.2520800143
N         -3.7164966584       -2.2023938796       -0.4090413451
C         -4.0518675678       -2.5507454865       -1.7123737455
C         -4.8392221313       -3.6619639500       -2.0272612117
S         -5.4334458319       -4.7945379509       -0.7971492356
C         -5.1017891778       -3.8960260647        0.6970291807
C         -4.2888728746       -2.7595104132        0.7287537038
C          4.6504362687       -4.6339537554       -0.9996338145
C          3.7857592978       -5.3999585597       -0.2391935835
C          3.0690291166       -4.8143228198        0.7925637723
C          3.1910430654       -3.4605468197        1.0477182236
C          5.9164817425       -0.0951515053        1.6837448394
C          7.2327877674        0.3202567818        1.7674993033
C          8.1428934711       -0.0339763485        0.7838376227
C          7.7410898166       -0.8302946440       -0.2731363798
C         -5.6665935950       -4.4048172757        1.8542731722
C         -5.4238535026       -3.8120523297        3.0811618507
C         -4.6068595929       -2.6986024099        3.1347544797
C         -4.0540866558       -2.1795692685        1.9780961663
C         -3.5900316804       -1.7755281175       -2.7791695111
C         -3.9054991499       -2.0831696048       -4.0901508217
C         -4.7033743888       -3.1736312415       -4.3805085220
C         -5.1664952004       -3.9591352600       -3.3393485597
H          1.1353781270        3.9045274217       -1.0391386924
H          0.8423694579        6.3411488147       -0.8886695708
H         -2.3373989055        5.7795448533        1.9185142909
H         -2.0238411650        3.3646187190        1.7954029635
H         -3.2253716104        7.2943422682        0.7127495997
H          1.5717917686       -1.9278736326        0.1220924193
H          4.2831099497        1.3573062549        0.6646258026
H          2.4498564899        2.9408517181        0.6245627772
H         -3.0740634895        2.3166427327       -0.0264946175
H         -4.4890566092        0.3188760590       -0.3186323136
H         -1.0795111258       -2.2507047212       -0.1514239433
H          5.2356011904       -5.0751425614       -1.7914970924
H          3.6862318328       -6.4547202105       -0.4413207707
H          2.4164287002       -5.4151965723        1.4067091629
H          2.6506544552       -3.0063082773        1.8640392763
H          5.2092559706        0.1640565540        2.4567081798
H          7.5500417407        0.9177886654        2.6078832610
H          9.1681833236        0.2946944009        0.8466869131
H          8.4389639385       -1.1353218870       -1.0373454296
H         -6.2914632576       -5.2820891902        1.7784185304
H         -5.8643246272       -4.2219822815        3.9758972014
H         -4.3950078943       -2.2226528234        4.0797279333
H         -3.4214520806       -1.3089867502        2.0423276211
H         -2.9669995725       -0.9193082209       -2.5764676209
H         -3.5230458971       -1.4600282279       -4.8838127023
H         -4.9600594073       -3.4191937969       -5.3985646986
H         -5.7816608279       -4.8253039872       -3.5322796735
