C          0.0328666991        4.4017997907        1.2633112148
C         -1.1654507222        5.0751376175        1.5029832802
C         -1.1616710847        6.3998224316        1.8824469396
C          0.0481922483        7.0725413734        2.0271421897
C          1.2498324801        6.4088424637        1.7898337087
C          1.2411658845        5.0849364898        1.4116661356
S          0.1156946528        8.7653192071        2.5087941540
C          0.0224176247        2.9996320198        0.8617787166
N         -1.1579490728        2.4107351250        0.6726167565
C         -1.1210097036        1.1267607858        0.3210813814
N          0.0028815325        0.4385293741        0.1269115291
C          1.1370575185        1.1090646947        0.3230037395
N          1.1934916507        2.3833882727        0.7055910933
C          2.3971912345        0.4068550525        0.0992618492
C          3.5986515218        0.9579124195        0.5450448801
C          4.7901188971        0.3017769941        0.3239582682
C          4.8049685668       -0.9129505925       -0.3619572454
C          3.6046673231       -1.4655223906       -0.8090337444
C          2.4125202539       -0.8150050749       -0.5736614380
C         -2.3917226999        0.4304671077        0.1435698205
C         -2.4263177374       -0.9616959423        0.0616046525
C         -3.6282701109       -1.6213673559       -0.0796661757
C         -4.8193875385       -0.8993998929       -0.1566542249
C         -4.7854193657        0.4936230858       -0.0890778674
C         -3.5840890862        1.1504343657        0.0669990770
N         -6.0488322166       -1.5703921604       -0.2970002741
C         -6.2855143169       -2.4071702373       -1.3926526903
C         -7.5145649817       -3.0710367857       -1.4998996464
O         -8.5231165727       -2.9134124266       -0.5773167379
C         -8.2787316746       -2.0788200901        0.4888465908
C         -7.0578223943       -1.4132380942        0.6593386720
N          6.0244580588       -1.5728034312       -0.6045465151
C          6.2441723101       -2.8682391474       -0.1246436232
C          7.4638692077       -3.5040355226       -0.3908473987
O          8.4795475465       -2.8926226999       -1.0892504242
C          8.2520176696       -1.6146492534       -1.5452167841
C          7.0408335359       -0.9437458716       -1.3316242042
C          9.2777307300       -1.0162665566       -2.2536567309
C          9.1141548656        0.2552635380       -2.7824543044
C          7.9094951186        0.9084935609       -2.6161094156
C          6.8799655424        0.3128504239       -1.9040139512
C         -5.3629371392       -2.5692642830       -2.4197451222
C         -5.6292332089       -3.4087268807       -3.4903867491
C         -6.8269045359       -4.0913140474       -3.5629827765
C         -7.7754892027       -3.9097744544       -2.5677652957
C          5.3138673640       -3.5403924533        0.6596279602
C          5.5632658739       -4.8252322212        1.1166617933
C          6.7515087757       -5.4579687390        0.8111566754
C          7.7079118966       -4.7867175809        0.0642127225
C         -9.2975593418       -1.9373297516        1.4129751168
C         -9.1173923522       -1.1461968245        2.5376239485
C         -7.9033411661       -0.5207064818        2.7386840263
C         -6.8806599189       -0.6579341972        1.8128885587
H         -2.0944455307        4.5398591082        1.3889367512
H         -2.0944759215        6.9111247062        2.0664763626
H          2.1818292029        6.9411326438        1.9046002359
H          2.1637659593        4.5601837000        1.2224957126
H         -1.1986237649        8.9436164884        2.6096171140
H          3.5759324125        1.8961881312        1.0759002242
H          5.7179874054        0.7192787095        0.6844719906
H          3.6188384196       -2.3990840788       -1.3507404426
H          1.4797116359       -1.2288502710       -0.9221251426
H         -1.5004239219       -1.5101284105        0.1305696155
H         -3.6571444285       -2.6996979433       -0.1192821688
H         -5.7063871683        1.0513265604       -0.1663061929
H         -3.5463761193        2.2267833065        0.1178558950
H         10.1951579569       -1.5674817249       -2.3847531965
H          9.9209619397        0.7162608614       -3.3289162445
H          7.7563410905        1.8877133659       -3.0417289821
H          5.9389956848        0.8287183354       -1.8006999963
H         -4.4310674640       -2.0281400739       -2.3886640235
H         -4.8902286341       -3.5193915415       -4.2682471716
H         -7.0369372167       -4.7509312332       -4.3893511964
H         -8.7319788500       -4.4063519221       -2.6033154612
H          4.3893886286       -3.0530672658        0.9242333784
H          4.8185880760       -5.3234570396        1.7172065208
H          6.9483369382       -6.4596084201        1.1576511870
H          8.6576749804       -5.2389239891       -0.1727923095
H        -10.2228617333       -2.4615725111        1.2349520012
H         -9.9189045339       -1.0374566725        3.2502535075
H         -7.7374963114        0.0782303420        3.6202878117
H         -5.9322422613       -0.1790113446        1.9954516744
