C          0.0041257153        4.6084070827        0.2832081913
C         -1.1998468371        5.3094145537        0.3606973506
C         -1.2061117183        6.6824649976        0.4761835382
C         -0.0005384840        7.3769429372        0.5156748443
C          1.2067589465        6.6861644512        0.4380743050
C          1.2078891204        5.3141260404        0.3228210134
S          0.0543569386        9.1311662817        0.6623400698
C          0.0032633156        3.1550168433        0.1597662903
N         -1.1732426893        2.5295372135        0.1366922334
C         -1.1290261905        1.2057408293       -0.0014366107
N         -0.0012465636        0.5061043533       -0.1159659934
C          1.1296713265        1.2069909491       -0.0532778814
N          1.1781223380        2.5309965619        0.0821177813
C          2.3925615851        0.4767682067       -0.1246354967
C          3.6058050827        1.1530312017        0.0055811908
C          4.7970588319        0.4608264351       -0.0363171494
C          4.7967270031       -0.9220324309       -0.2146207589
C          3.5865263094       -1.5998551036       -0.3555143980
C          2.3963002956       -0.9063534865       -0.3078785272
C         -2.3924174284        0.4743886514       -0.0172928501
C         -2.4156257482       -0.8851332204       -0.3297053136
C         -3.6056731925       -1.5800707534       -0.3281130446
C         -4.7965674143       -0.9298559277       -0.0046696349
C         -4.7768390085        0.4300760218        0.3045882495
C         -3.5866896262        1.1249100903        0.2939883038
N         -6.0096731819       -1.6442863664        0.0152245477
C         -6.1791021797       -2.7325433601        0.8774419681
C         -7.3933576744       -3.4313001373        0.8744094314
O         -8.4490838936       -3.0752574370        0.0669083137
C         -8.2716024460       -1.9929014883       -0.7640870393
C         -7.0701538398       -1.2743359138       -0.8178375594
N          6.0143169554       -1.6311634539       -0.2452702241
C          6.8529870056       -1.6482163469        0.8727971252
C          8.0575565529       -2.3615599643        0.8191721355
O          8.4493673176       -3.0672440844       -0.2956813738
C          7.6042358011       -3.0525361177       -1.3820241763
C          6.3961320437       -2.3431744466       -1.3854801508
C          8.0098735185       -3.7627040763       -2.4966174723
C          7.2302771708       -3.7690412841       -3.6439629244
C          6.0551869921       -3.0452011680       -3.6703907602
C          5.6436802069       -2.3335759292       -2.5539456964
C         -5.2019177052       -3.1225071558        1.7859196459
C         -5.4031029005       -4.2062106836        2.6267389631
C         -6.5885002338       -4.9123895237        2.5858893757
C         -7.5894069309       -4.5132089445        1.7128027165
C          6.5134019942       -1.0227134522        2.0665945479
C          7.3656894420       -1.0649869843        3.1592776782
C          8.5660747935       -1.7422909945        3.0837119166
C          8.9054693220       -2.3998854030        1.9104591845
C         -9.3386346911       -1.6489264547       -1.5733209647
C         -9.2274349144       -0.5942408639       -2.4670635716
C         -8.0348095379        0.0950040553       -2.5577184827
C         -6.9636023627       -0.2451934910       -1.7461026428
H         -2.1256663114        4.7579194397        0.3270161266
H         -2.1434342544        7.2147777710        0.5352305128
H          2.1354272824        7.2354751935        0.4688793507
H          2.1353071874        4.7680089736        0.2612463205
H         -1.2620739903        9.3184431503        0.6994256608
H          3.5936751781        2.2229995958        0.1371658810
H          5.7367478608        0.9828140380        0.0626031055
H          3.5904076812       -2.6711215838       -0.4883826573
H          1.4536795955       -1.4212258649       -0.4000163836
H         -1.4899151025       -1.3772510300       -0.5808999406
H         -3.6258508785       -2.6289991000       -0.5822170890
H         -5.6981193734        0.9290197778        0.5643665661
H         -3.5581495850        2.1736667290        0.5422750940
H          8.9437068925       -4.2995724114       -2.4470072507
H          7.5533218414       -4.3277892561       -4.5074294071
H          5.4481327340       -3.0229470824       -4.5617351233
H          4.7329049014       -1.7579243977       -2.5947678522
H         -4.2781099441       -2.5698642141        1.8443591224
H         -4.6231379117       -4.4885352905        3.3162540338
H         -6.7484395930       -5.7597160132        3.2328415366
H         -8.5372146353       -5.0255880069        1.6699854385
H          5.5709127458       -0.5051697595        2.1465019640
H          7.0772092326       -0.5657843608        4.0709323944
H          9.2347376865       -1.7753062444        3.9286472389
H          9.8250031047       -2.9561170131        1.8222463007
H        -10.2463439009       -2.2252280428       -1.4916618864
H        -10.0659279564       -0.3304743519       -3.0911303601
H         -7.9238400658        0.9026017306       -3.2640585614
H         -6.0326262566        0.2898318390       -1.8427908517
