C         -0.0076243169        4.5657747495       -0.5848138275
C          1.1950902797        5.2695183948       -0.6562300057
C          1.1987436390        6.6393144916       -0.8056211409
C         -0.0082573762        7.3276729800       -0.8867897116
C         -1.2143802586        6.6339052276       -0.8178597763
C         -1.2128678049        5.2652496229       -0.6679950920
S         -0.0665983554        9.0775575617       -1.0771202608
C         -0.0049704991        3.1158547946       -0.4259978443
N         -1.1795134825        2.4920201946       -0.3434500404
C         -1.1310355266        1.1670103387       -0.2193539293
N         -0.0003940647        0.4640325122       -0.1783431968
C          1.1282777544        1.1688558491       -0.2408326878
N          1.1720682815        2.4940029232       -0.3660076024
C          2.3942441050        0.4455408436       -0.1580641990
C          2.4056276694       -0.9458875983       -0.0563355409
C          3.5997117250       -1.6281688750        0.0364188508
C          4.8064071383       -0.9296263896        0.0334387481
C          4.7989314712        0.4608196306       -0.0711855104
C          3.6039136359        1.1406257709       -0.1680006788
C         -2.3942442687        0.4416835196       -0.1125983161
C         -2.4041827281       -0.9521018792       -0.0526283335
C         -3.5954034884       -1.6362359311        0.0622179365
C         -4.7999079170       -0.9369592434        0.1251222858
C         -4.7939233102        0.4559664856        0.0629627621
C         -3.6021250237        1.1376683777       -0.0575610223
N         -6.0186172702       -1.6325773553        0.2562544321
C         -6.8233446376       -1.4451669834        1.3835401038
C         -8.0387295494       -2.1345189191        1.4846489552
O         -8.4739578493       -3.0102108732        0.5161263723
C         -7.6611823096       -3.1958006640       -0.5791895029
C         -6.4439723897       -2.5200278694       -0.7359604604
N          6.0283042532       -1.6233342456        0.1404540857
C          6.4095226513       -2.5508031287       -0.8330929519
C          7.6264094202       -3.2314911033       -0.6965463729
O          8.4813624158       -3.0124264088        0.3596672070
C          8.0885742318       -2.0990914920        1.3113954539
C          6.8752161529       -1.4034960561        1.2305600759
C          8.9449377631       -1.9047954947        2.3792440531
C          8.6054361135       -1.0262220719        3.3975328075
C          7.3964815778       -0.3619809464        3.3458911509
C          6.5357985466       -0.5526478003        2.2758689542
C         -6.4384567457       -0.6341993520        2.4446406212
C         -7.2574172210       -0.4756264843        3.5519968967
C         -8.4690621764       -1.1329066147        3.6251226841
C         -8.8534128000       -1.9722386187        2.5897637052
C          5.6478507767       -2.7899655899       -1.9707755723
C          6.0587798833       -3.7124131228       -2.9207158528
C          7.2426376704       -4.4033800911       -2.7579115045
C          8.0315072990       -4.1522102286       -1.6449416793
C         -8.1098641630       -4.0768499233       -1.5454336791
C         -7.3650557992       -4.2925185999       -2.6956262412
C         -6.1811438123       -3.6061564631       -2.8763823282
C         -5.7266031575       -2.7232777310       -1.9088316629
H          2.1221350535        4.7228546719       -0.5923398320
H          2.1351435096        7.1738127582       -0.8592350900
H         -2.1442124697        7.1782384950       -0.8828698900
H         -2.1393566260        4.7167348218       -0.6141996574
H          1.2496023878        9.2697578502       -1.0888780175
H          1.4659787420       -1.4740378939       -0.0417978657
H          3.6092594969       -2.7040047638        0.1244724114
H          5.7357813911        0.9969419017       -0.0822299579
H          3.5856904000        2.2148696001       -0.2561618840
H         -1.4656077222       -1.4811079507       -0.0892318830
H         -3.6038773405       -2.7142881036        0.1168237408
H         -5.7295226708        0.9928842810        0.1037254833
H         -3.5853488227        2.2141932826       -0.1131048430
H          9.8711632441       -2.4566287279        2.3968132981
H          9.2807144001       -0.8788894261        4.2248271437
H          7.1078949809        0.3084277168        4.1401130650
H          5.5868494456       -0.0410867814        2.2584315109
H         -5.4867892968       -0.1285591880        2.4094249992
H         -6.9342300174        0.1643222486        4.3579406599
H         -9.1120879968       -1.0102195431        4.4816149890
H         -9.7831486491       -2.5174478583        2.6222255007
H          4.7300699592       -2.2443242760       -2.1205207130
H          5.4441716930       -3.8806767160       -3.7910285491
H          7.5652474727       -5.1251387545       -3.4907955340
H          8.9723910311       -4.6573718854       -1.4956567004
H         -9.0494533070       -4.5794364442       -1.3801502864
H         -7.7216295276       -4.9833156151       -3.4424721425
H         -5.6005271192       -3.7470641837       -3.7744522947
H         -4.8095645818       -2.1801936146       -2.0719026528
