C          0.0438915178        4.5946958556        1.0905411156
C          1.2509231000        5.2925153025        1.1485333242
C          1.2648831516        6.6523732182        1.3704266753
C          0.0643678658        7.3363572653        1.5388533380
C         -1.1457518939        6.6481517650        1.4844496192
C         -1.1548737361        5.2893766803        1.2623267255
S          0.0194432768        9.0734874380        1.8249148749
C          0.0356597694        3.1552644397        0.8572045045
N         -1.1428995227        2.5350444170        0.8014903475
C         -1.0998144812        1.2141135977        0.6421816059
N          0.0280387362        0.5109219386        0.5510019690
C          1.1557077618        1.2183752171        0.5429764593
N          1.2073002858        2.5395797482        0.6957399323
C          2.4052551355        0.4960491583        0.3138745333
C          3.5723608972        1.1904463652       -0.0023409204
C          4.7320694439        0.5033251019       -0.2938985254
C          4.7457632776       -0.8896806781       -0.2590217163
C          3.5893908715       -1.5858218264        0.0874277065
C          2.4271761452       -0.8977183438        0.3631475943
C         -2.3588959143        0.4858877746        0.5211612235
C         -2.3749299557       -0.9058758138        0.6161901087
C         -3.5502575119       -1.6020595134        0.4382304356
C         -4.7312676530       -0.9207478459        0.1420160924
C         -4.7211087529        0.4719839472        0.0641133216
C         -3.5473073152        1.1677533445        0.2603264716
N         -5.9171765820       -1.6403485575       -0.0950507498
C         -5.9772523242       -2.5814960005       -1.1293324034
C         -7.1645723972       -3.2929990338       -1.3451617521
O         -8.2985714152       -3.0836426421       -0.5948969001
C         -8.2311235254       -2.1362620938        0.4006402828
C         -7.0607828873       -1.4180509783        0.6785523133
N          5.9228114238       -1.5925942978       -0.5937195740
C          6.5635581714       -2.4005326516        0.3472460603
C          7.6997336557       -3.1283666299       -0.0295443010
O          8.2211265531       -3.0761725631       -1.3029342564
C          7.5612873230       -2.2942808538       -2.2243948601
C          6.4176447555       -1.5530987550       -1.8995854360
C          8.0692612467       -2.2811231785       -3.5099281199
C          7.4438170978       -1.5398133373       -4.5020162953
C          6.3008410455       -0.8277678756       -4.1993526008
C          5.7881443595       -0.8378051685       -2.9111340590
C         -4.9141873566       -2.8068469599       -1.9964770603
C         -5.0065131703       -3.7508827475       -3.0073890647
C         -6.1669631349       -4.4778583681       -3.1815792333
C         -7.2522456062       -4.2358604540       -2.3529714386
C          6.1444349973       -2.4709040475        1.6702151747
C          6.8115016278       -3.2722289800        2.5842164454
C          7.9127039193       -4.0080391379        2.1951795194
C          8.3602753647       -3.9277447587        0.8842867269
C         -9.3795543069       -1.9330669253        1.1433304530
C         -9.3829879837       -1.0257033724        2.1920972934
C         -8.2231261416       -0.3448650754        2.5034570697
C         -7.0706771281       -0.5434932728        1.7589576615
H          2.1727992888        4.7486973346        1.0184559238
H          2.2043098303        7.1825078159        1.4135518118
H         -2.0702522002        7.1890293548        1.6181004512
H         -2.0842092682        4.7445018523        1.2200503299
H          1.3356248412        9.2635604514        1.7934600715
H          3.5474818320        2.2681028890       -0.0266205282
H          5.6344035140        1.0359780279       -0.5531512931
H          3.6077944434       -2.6647381567        0.1178626695
H          1.5187406617       -1.4244698620        0.6068190277
H         -1.4550645854       -1.4238005186        0.8348067128
H         -3.5656619633       -2.6780354348        0.5229891349
H         -5.6336415415        0.9983225581       -0.1712365773
H         -3.5250172100        2.2433236048        0.1857129729
H          8.9532494237       -2.8634985569       -3.7151855984
H          7.8481092433       -1.5345157890       -5.5013575550
H          5.7925458727       -0.2607999700       -4.9634302885
H          4.8848663323       -0.2909777548       -2.6926078449
H         -4.0071019549       -2.2344963986       -1.8884092738
H         -4.1609160193       -3.9078285114       -3.6583928290
H         -6.2421810230       -5.2187203579       -3.9610233342
H         -8.1835964959       -4.7653078312       -2.4751236882
H          5.2948407592       -1.8882024286        1.9889454575
H          6.4625522507       -3.3106579701        3.6041692480
H          8.4337017582       -4.6351816660        2.9004759003
H          9.2270606140       -4.4755735722        0.5506115179
H        -10.2590349375       -2.5017904433        0.8868432426
H        -10.2842994825       -0.8700072140        2.7625906532
H         -8.2017602695        0.3458926304        3.3315946413
H         -6.1676583809       -0.0194661611        2.0276421038
