C          0.0438408270        4.5810278117        1.0983608816
C          1.2508513774        5.2787018143        1.1581075158
C          1.2649013688        6.6376876284        1.3853084626
C          0.0644850454        7.3209158154        1.5574190802
C         -1.1456242253        6.6328378846        1.5013482502
C         -1.1548173474        5.2749520662        1.2738676132
S          0.0196518597        9.0569307703        1.8502252762
C          0.0353688806        3.1425619984        0.8589701384
N         -1.1433450228        2.5230442980        0.7999609923
C         -1.1008489735        1.2030237298        0.6328272168
N          0.0266652823        0.4999296256        0.5368371597
C          1.1548256937        1.2067718969        0.5352547642
N          1.2068280068        2.5270900445        0.6959735391
C          2.4050406418        0.4858570493        0.3057123043
C          3.5754149356        1.1831450923        0.0082067316
C          4.7372904320        0.4989177265       -0.2811163532
C          4.7499800906       -0.8944877303       -0.2632567784
C          3.5898235726       -1.5939559680        0.0634476986
C          2.4256403738       -0.9084618088        0.3374722507
C         -2.3609692738        0.4769076073        0.5097644376
C         -2.3785246232       -0.9156424197        0.5919115945
C         -3.5560342552       -1.6084594963        0.4147371455
C         -4.7378791792       -0.9226383158        0.1327430860
C         -4.7259365682        0.4707033025        0.0669210683
C         -3.5498472437        1.1628454249        0.2618274399
N         -5.9271667159       -1.6376421113       -0.1015118911
C         -5.9984421400       -2.5680686790       -1.1446734426
C         -7.1902880095       -3.2723899175       -1.3591993072
O         -8.3180419377       -3.0660514099       -0.5987091819
C         -8.2393145151       -2.1297127500        0.4063920393
C         -7.0640654402       -1.4190588287        0.6829571931
N          5.9299620991       -1.5938164816       -0.5945081368
C          6.5614408142       -2.4129809682        0.3431309150
C          7.7045725804       -3.1320232951       -0.0295095038
O          8.2420363535       -3.0600963235       -1.2951996108
C          7.5931566000       -2.2649648597       -2.2130496910
C          6.4430455103       -1.5320048435       -1.8924703856
C          8.1191683105       -2.2297650316       -3.4909033650
C          7.5055618704       -1.4743694567       -4.4797291966
C          6.3562113178       -0.7705756793       -4.1819034161
C          5.8255476800       -0.8025830279       -2.9013533247
C         -4.9424059727       -2.7892041704       -2.0214160481
C         -5.0459596342       -3.7224411792       -3.0412387811
C         -6.2108002796       -4.4425312658       -3.2146987192
C         -7.2891489709       -4.2044689178       -2.3759469624
C          6.1261018786       -2.5033948683        1.6596437989
C          6.7840620407       -3.3157776400        2.5704758214
C          7.8923074127       -4.0428128107        2.1849597128
C          8.3560835161       -3.9424108979        0.8811279849
C         -9.3812413354       -1.9299527189        1.1599651498
C         -9.3730790982       -1.0337669357        2.2182801251
C         -8.2082107963       -0.3607338673        2.5279203872
C         -7.0622675239       -0.5559208318        1.7725535983
H          2.1726736255        4.7355192695        1.0250771157
H          2.2043252725        7.1677235442        1.4296836485
H         -2.0700599102        7.1731063360        1.6378831076
H         -2.0841565768        4.7301980916        1.2301961987
H          1.3357853396        9.2472468218        1.8183262900
H          3.5515119985        2.2610244232       -0.0026752853
H          5.6423469525        1.0341824092       -0.5250782853
H          3.6070963395       -2.6731866944        0.0802679610
H          1.5147448364       -1.4375353846        0.5664897101
H         -1.4581743643       -1.4368826790        0.8003943185
H         -3.5725885721       -2.6851375689        0.4898062499
H         -5.6392292776        1.0004724128       -0.1575616646
H         -3.5262775302        2.2389950937        0.1967849132
H          9.0076857097       -2.8063531313       -3.6929136767
H          7.9238825970       -1.4518892121       -5.4730342507
H          5.8569006895       -0.1930066902       -4.9439584768
H          4.9175179277       -0.2620209596       -2.6870060653
H         -4.0321119652       -2.2218715851       -1.9138612529
H         -4.2056499557       -3.8763841693       -3.6997629157
H         -6.2947763626       -5.1749513710       -4.0011937120
H         -8.2236307409       -4.7286490192       -2.4969087887
H          5.2709683021       -1.9276432416        1.9761314730
H          6.4224529244       -3.3696902676        3.5853024362
H          8.4063280931       -4.6784367849        2.8877768333
H          9.2287750793       -4.4827393836        0.5506379538
H        -10.2649364666       -2.4924245410        0.9041818636
H        -10.2693901897       -0.8806407159        2.7972858525
H         -8.1778108338        0.3211302877        3.3631174258
H         -6.1551824728       -0.0381507806        2.0396990779
