C          0.0432927312        4.4992265438        1.0742132742
C         -1.1526274402        5.1871567351        1.2791699465
C         -1.1443227075        6.5126774572        1.6564814096
C          0.0685382673        7.1712481954        1.8342409678
C          1.2681323192        6.4934221505        1.6315068035
C          1.2542103605        5.1688030877        1.2548135735
S          0.1420125886        8.8647564040        2.3149994120
C          0.0274949744        3.0952797569        0.6716496752
N         -1.1526292443        2.5119343061        0.4863063427
C         -1.1244224318        1.2332099669        0.0996591084
N          0.0056591401        0.5532732022       -0.1194433099
C          1.1368730174        1.2092810128        0.1139103708
N          1.2000220623        2.4776979634        0.5171692903
C          2.3962164476        0.4882260003       -0.0750737179
C          3.5939107428        1.0322494195        0.3864955188
C          4.7777917221        0.3424078060        0.2299405768
C          4.7833419727       -0.8996624846       -0.4012669312
C          3.5901337868       -1.4411973355       -0.8747457803
C          2.4061092365       -0.7543124105       -0.7074720836
C         -2.3849188535        0.5419763889       -0.0835380357
C         -2.4169232492       -0.8012867895       -0.4659971319
C         -3.6090021931       -1.4617630774       -0.6353517436
C         -4.8350759465       -0.8058520957       -0.4386969274
C         -4.7956898273        0.5288651284       -0.0039873684
C         -3.6004563183        1.1848536026        0.1619386018
N         -6.0344620796       -1.4629901377       -0.6250721513
C         -6.1102752017       -2.8631752883       -0.8235636858
C         -6.8912893789       -3.6047349265        0.0666448752
O         -7.6378409466       -2.9752611447        1.0372829433
C         -8.0333451428       -1.7012743950        0.6962278516
C         -7.2710320317       -0.9304688456       -0.1856046027
N          5.9940399710       -1.6093168873       -0.5546454954
C          6.6869838342       -2.0752900219        0.5645649637
C          7.8869571629       -2.7767106318        0.3884980783
O          8.4138936580       -3.0375154861       -0.8566124039
C          7.7108834929       -2.5802910471       -1.9488966601
C          6.5118354193       -1.8661503321       -1.8255554587
C          8.2508931072       -2.8431866391       -3.1937297199
C          7.6165549382       -2.3895081528       -4.3413445588
C          6.4500299669       -1.6601846400       -4.2299085040
C          5.9039035429       -1.3956392938       -2.9831330601
C         -5.4909698473       -3.5124282456       -1.8833076233
C         -5.5667851997       -4.8907513736       -1.9907323614
C         -6.2748188192       -5.6270766943       -1.0559245867
C         -6.9596219173       -4.9850208608       -0.0388018106
C          6.2047677623       -1.9107525010        1.8574243269
C          6.9134348462       -2.3940440019        2.9468400600
C          8.1092175519       -3.0585186812        2.7635436664
C          8.5908184087       -3.2557402299        1.4773282106
C         -9.2235724725       -1.2116078662        1.2104956739
C         -9.6750473240        0.0365782805        0.8181582944
C         -8.9675920046        0.7685671973       -0.1203918606
C         -7.7744688878        0.2848751491       -0.6300800603
H         -2.0840287851        4.6628453663        1.1369866787
H         -2.0760241249        7.0352646223        1.8125869536
H          2.2030337283        7.0146782085        1.7713578457
H          2.1755970863        4.6330225624        1.0922201154
H         -1.1724231742        9.0580505226        2.3795596649
H          3.5761892574        1.9968844336        0.8680398330
H          5.7062596864        0.7589649337        0.5902987079
H          3.6006448077       -2.4042538471       -1.3623984831
H          1.4734043431       -1.1669809210       -1.0572284414
H         -1.4831567324       -1.3191417622       -0.6176963501
H         -3.5901675578       -2.5078495360       -0.8923437078
H         -5.7091457019        1.0470892302        0.2357722389
H         -3.5861225829        2.2102670817        0.4957363751
H          9.1727560854       -3.4004272145       -3.2427044515
H          8.0444442856       -2.6006974516       -5.3080165843
H          5.9545416119       -1.2852904979       -5.1116863437
H          5.0008658272       -0.8110116502       -2.9079472611
H         -4.9531084700       -2.9339785106       -2.6177564786
H         -5.0681475684       -5.3882125788       -2.8073049203
H         -6.3179949631       -6.7018492762       -1.1305600575
H         -7.5496280921       -5.5317560365        0.6789766542
H          5.2637903663       -1.4074750060        2.0129597408
H          6.5164964440       -2.2481991026        3.9392233599
H          8.6659718134       -3.4340711226        3.6068291084
H          9.5121752569       -3.7858854204        1.2962897622
H         -9.7756906780       -1.8191693396        1.9092670110
H        -10.5946370403        0.4227013389        1.2278168704
H         -9.3420388930        1.7216783769       -0.4584000392
H         -7.2296024528        0.8443835232       -1.3739262946
