C         -0.0141260229        4.5205332740       -0.9559462063
C         -1.2186618055        5.2176630157       -1.0573152856
C         -1.2203973532        6.5749499442       -1.2903980979
C         -0.0146134183        7.2584297494       -1.4268177748
C          1.1919253318        6.5724569274       -1.3281027966
C          1.1879885936        5.2141317775       -1.0942388973
S         -0.0724602056        8.9941293029       -1.7248254429
C         -0.0116035311        3.0804796906       -0.7106498368
N         -1.1840353375        2.4602104092       -0.6207275068
C         -1.1388101440        1.1416736120       -0.4085290579
N         -0.0002290830        0.4494429385       -0.3036949261
C          1.1228488507        1.1541113813       -0.3915057734
N          1.1690913289        2.4714776654       -0.5889872880
C          2.3903847420        0.4379123242       -0.2559854341
C          3.5827499809        1.1406744065       -0.0867698503
C          4.7753620686        0.4650124444        0.0606190729
C          4.7988544442       -0.9287776003        0.0287852226
C          3.6094464703       -1.6337918138       -0.1519417232
C          2.4166624973       -0.9560233283       -0.2863151411
C         -2.3905286662        0.4227264469       -0.2770797158
C         -3.6155443494        1.0882128063       -0.3626743538
C         -4.8022046241        0.4079887957       -0.2370654085
C         -4.8226171379       -0.9808697885       -0.0307250619
C         -3.5879460369       -1.6354735102        0.1075401872
C         -2.4046060972       -0.9499908738       -0.0183522056
N         -6.0129979071       -1.6715046075        0.0749209391
C         -7.2636877594       -1.0195933886        0.2026517409
C         -8.0453754944       -1.3273720487        1.3193993044
O         -7.6515734645       -2.3066392071        2.2035816384
C         -6.8762465457       -3.2914639300        1.6335764736
C         -6.0759732438       -3.0136705553        0.5223483868
N          6.0163707859       -1.6211742208        0.1818666173
C          7.0667221315       -1.4236665211       -0.7194551248
C          8.2741656145       -2.1089483595       -0.5316423833
O          8.4663764860       -2.9980555349        0.5011151556
C          7.4181183887       -3.1908640480        1.3717767157
C          6.1990485530       -2.5122985390        1.2438873763
C          7.6268640169       -4.0820446542        2.4079794090
C          6.6339371966       -4.3043710631        3.3505371298
C          5.4437773031       -3.6114027387        3.2577090135
C          5.2298431875       -2.7188115708        2.2186410494
C         -7.7618434220       -0.1407098377       -0.7499779451
C         -8.9715105545        0.4986383629       -0.5373887265
C         -9.7003697092        0.2515434835        0.6136471284
C         -9.2523521176       -0.6806715312        1.5334280980
C          6.9452208094       -0.6053306422       -1.8364351939
C          8.0075597559       -0.4309331069       -2.7100128926
C          9.2060481411       -1.0801900895       -2.4920231338
C          9.3322264797       -1.9304174120       -1.4034447218
C         -6.9346921103       -4.5740180878        2.1556628949
C         -6.2202081194       -5.5919751777        1.5481792428
C         -5.4920534714       -5.3401323607        0.3976690997
C         -5.4262404020       -4.0583091591       -0.1216627101
H         -2.1446059022        4.6759158660       -0.9497289785
H         -2.1503015079        7.1174994768       -1.3689978662
H          2.1284280462        7.0990195169       -1.4343506158
H          2.1146551696        4.6681662116       -1.0174550992
H          1.2435051999        9.1799869155       -1.7781184298
H          3.5515123929        2.2180798190       -0.0564999979
H          5.6958534427        1.0085395352        0.2110904432
H          3.6320450926       -2.7123557895       -0.1910600927
H          1.4907306158       -1.4900165580       -0.4283468742
H         -3.6160074341        2.1548591666       -0.5225087136
H         -5.7242999402        0.9641030459       -0.2689651288
H         -3.5560377546       -2.6854293310        0.3467698879
H         -1.4639976679       -1.4659509338        0.0919873629
H          8.5779822551       -4.5872333154        2.4615204084
H          6.8036812782       -5.0043627001        4.1525885849
H          4.6695350747       -3.7549627617        3.9949151945
H          4.3022501992       -2.1713447035        2.1712397786
H         -7.1998196845        0.0366284798       -1.6532784511
H         -9.3420409570        1.1929723244       -1.2746269113
H        -10.6333317974        0.7636862259        0.7864032457
H         -9.8199677013       -0.9208579061        2.4179393723
H          6.0095139930       -0.1060762145       -2.0304986630
H          7.8848426245        0.2158389052       -3.5644938362
H         10.0377260396       -0.9435928264       -3.1641417719
H         10.2451152413       -2.4722736243       -1.2143787324
H         -7.5405891735       -4.7514385321        3.0295212334
H         -6.2559230463       -6.5871701210        1.9615409412
H         -4.9699924742       -6.1421173267       -0.0994895095
H         -4.8730166906       -3.8610130017       -1.0262720234
