C         -0.0106004449        4.5953095378       -0.6390688622
C          1.1921464123        5.2964110160       -0.7336382753
C          1.1958884064        6.6666028474       -0.8792092914
C         -0.0109304482        7.3580681329       -0.9326868214
C         -1.2170332027        6.6669663472       -0.8399814777
C         -1.2157289225        5.2978383330       -0.6946516104
S         -0.0691104065        9.1084426288       -1.1178893489
C         -0.0080556238        3.1447522866       -0.4881123216
N         -1.1824888802        2.5210059398       -0.4003478497
C         -1.1340855810        1.1940124620       -0.3033967567
N         -0.0042065392        0.4887752787       -0.2956595730
C          1.1244526216        1.1946864463       -0.3385171113
N          1.1690577856        2.5217190397       -0.4369859810
C          2.3886169989        0.4677128800       -0.2544048871
C          2.4011047152       -0.9269878006       -0.2832825513
C          3.5904513124       -1.6153285076       -0.1749873278
C          4.7890034776       -0.9194581686       -0.0251295559
C          4.7812254291        0.4743929573       -0.0026794815
C          3.5916735042        1.1610008345       -0.1210372170
C         -2.3945943659        0.4662982186       -0.1801418985
C         -3.5937321776        1.1590141536       -0.0128207488
C         -4.7786900774        0.4717677729        0.1422316860
C         -4.7860001489       -0.9221523346        0.1232537501
C         -3.5918131341       -1.6174662176       -0.0603512360
C         -2.4067878957       -0.9284821246       -0.2054181889
N         -5.9955552257       -1.6249540922        0.2987795326
C         -6.7026505755       -1.5274370376        1.5002072531
C         -7.8958925254       -2.2446761864        1.6566996523
O         -8.4019600219       -3.0610568850        0.6706636680
C         -7.6839238709       -3.1579071927       -0.4998489448
C         -6.4921800479       -2.4524329962       -0.7112735309
N          6.0038407063       -1.6215658082        0.1129528077
C          6.4706435918       -2.4469437810       -0.9128841642
C          7.6679565913       -3.1529613794       -0.7378594312
O          8.4196726814       -3.0589524383        0.4115564786
C          7.9423398195       -2.2451530143        1.4139494034
C          6.7451635223       -1.5274535397        1.2938381560
C          8.6942026945       -2.1761151243        2.5720048500
C          8.2640317399       -1.4031002028        3.6405631390
C          7.0699323957       -0.7173246234        3.5451426320
C          6.3135870065       -0.7827301974        2.3850109902
C         -6.2397030470       -0.7799736778        2.5765454414
C         -6.9622827263       -0.7114004239        3.7578211459
C         -8.1531905495       -1.3967343554        3.8894336250
C         -8.6140474405       -2.1724888057        2.8357649401
C          5.8153406360       -2.5562014480       -2.1335398937
C          6.3109571481       -3.3769679924       -3.1350291843
C          7.4744310567       -4.0935895230       -2.9394637395
C          8.1575322321       -3.9718862833       -1.7381738069
C         -8.2023602714       -3.9792171743       -1.4835345727
C         -7.5544384365       -4.1039095337       -2.7038495464
C         -6.3971689589       -3.3878044503       -2.9348877084
C         -5.8726585691       -2.5646604461       -1.9502055884
H          2.1189623310        4.7471286393       -0.6923963074
H          2.1321970272        7.1990224615       -0.9517724878
H         -2.1466842743        7.2137312850       -0.8836785848
H         -2.1421815367        4.7512068243       -0.6235669387
H          1.2469419230        9.2973254518       -1.1600440126
H          1.4657874964       -1.4538332815       -0.3817481891
H          3.6014701956       -2.6946533152       -0.1903246617
H          5.7132944372        1.0082734198        0.1041696633
H          3.5727691644        2.2388507140       -0.1093032430
H         -3.5755849952        2.2369699277       -0.0043115671
H         -5.7075509564        1.0054011855        0.2752449437
H         -3.6024225845       -2.6968221008       -0.0727929877
H         -1.4743640531       -1.4548616353       -0.3302541184
H          9.6115246628       -2.7409682607        2.6188131076
H          8.8580571532       -1.3535898009        4.5387951493
H          6.7114527029       -0.1277357781        4.3742632217
H          5.3740795135       -0.2564081005        2.3314463449
H         -5.3021732521       -0.2537775816        2.4944756716
H         -6.5800158120       -0.1196087920        4.5746548002
H         -8.7210942674       -1.3446654524        4.8042577976
H         -9.5297120584       -2.7370193405        2.9104618272
H          4.9149105656       -1.9884923795       -2.3055999056
H          5.7788584731       -3.4455635573       -4.0708078696
H          7.8627165851       -4.7363177649       -3.7129551073
H          9.0793951438       -4.5015351245       -1.5581973972
H         -9.1186536619       -4.5082748748       -1.2755811721
H         -7.9650474765       -4.7484507891       -3.4641826515
H         -5.8925191491       -3.4586154783       -3.8855811383
H         -4.9777263170       -1.9972630587       -2.1497643185
