C          2.6314859625        0.0309426227       -0.0080415797
C          3.3462916873       -1.1584888914        0.1257694546
C          4.7144217332       -1.1297912779        0.2809063054
C          5.3981265440        0.0892644762        0.3259145389
C          4.6766475220        1.2796834127        0.1896799002
C          3.3094833367        1.2484509451        0.0177727727
C          6.8466374361        0.0803433348        0.4671261774
S          7.7841971675       -1.0888422062       -0.2073663959
S          7.6283989255        1.3555415368        1.3679965090
C          1.1772505913        0.0026415507       -0.1958062118
N          0.5511905755        1.1655408054       -0.3010904737
C         -0.7726369307        1.0902806493       -0.4879740159
N         -1.4569685937       -0.0452760033       -0.6120038820
C         -0.7316850970       -1.1550878223       -0.4743425519
N          0.5872022836       -1.1833479813       -0.2521341131
N         -1.3825346442       -2.3413729483       -0.5176991650
C         -2.7730829150       -2.4048896186       -0.7594094225
C         -3.5994303716       -3.1018318656        0.1163895635
S         -2.8962481108       -3.9326767040        1.5160787989
C         -1.3399672938       -4.3797866294        0.7900724991
C         -0.7428452412       -3.5484851985       -0.1544201549
N         -1.4575816975        2.2585522253       -0.5036382310
C         -2.8699160501        2.2922717816       -0.5430864889
C         -3.5692252940        3.0438281110        0.3978712654
S         -2.6930524432        3.9737870598        1.6270300582
C         -1.2564985763        4.3758908953        0.6684987050
C         -0.7896901564        3.4877241813       -0.2961143312
C         -0.7235199881       -5.5598488598        1.1785481608
C          0.4920043699       -5.9148899646        0.6236934400
C          1.0768792663       -5.1063269036       -0.3376832873
C          0.4574623506       -3.9347812688       -0.7354168402
C         -3.3225990642       -1.8234545038       -1.8931394658
C         -4.6860515659       -1.8838674814       -2.1142991944
C         -5.5102105001       -2.5394033214       -1.2137066957
C         -4.9671008741       -3.1623052152       -0.1055346193
C         -0.6021177153        5.5779384727        0.8950892029
C          0.5218997587        5.8980800079        0.1570820779
C          0.9750128552        5.0312923764       -0.8248359708
C          0.3161507402        3.8379770198       -1.0598118789
C         -3.5766081525        1.6136011421       -1.5257201097
C         -4.9593101436        1.6388498328       -1.5326800538
C         -5.6499819494        2.3601884476       -0.5727976996
C         -4.9555956424        3.0754653133        0.3848663827
H          2.8100466327       -2.0940062255        0.1057706166
H          5.2747260900       -2.0467519586        0.3833634839
H          5.1922060536        2.2282163381        0.1699032295
H          2.7445623281        2.1597845710       -0.0991331011
H          6.5295386090        1.9315225977        1.8614770998
H         -1.2015109477       -6.1815342536        1.9191180774
H          0.9759578204       -6.8265571965        0.9359015319
H          2.0176018318       -5.3881662557       -0.7838472044
H          0.9054560025       -3.3002182399       -1.4823419190
H         -2.6683274217       -1.3246994463       -2.5898720937
H         -5.1029887327       -1.4273910355       -2.9977095264
H         -6.5745592375       -2.5812579791       -1.3809631466
H         -5.5888469092       -3.6966984226        0.5952969883
H         -0.9792903186        6.2437734570        1.6551808808
H          1.0364965747        6.8272343266        0.3429984349
H          1.8421610475        5.2848157965       -1.4139403218
H          0.6620900842        3.1580928491       -1.8214586313
H         -3.0312341052        1.0585652060       -2.2696136380
H         -5.4977055155        1.0972405553       -2.2931630484
H         -6.7280814535        2.3774169774       -0.5749633287
H         -5.4728760219        3.6572592763        1.1315397866
