C          4.1953230371        0.0015146488        0.0005908761
C          4.8948520150       -0.0936073052       -1.2001602501
C          6.2743739454       -0.0958136309       -1.2008137354
C          6.9790984112        0.0032690957       -0.0006370656
C          6.2753423527        0.1011441043        1.2001689312
C          4.8957963748        0.0971825583        1.2007318588
C          8.3943775869        0.0050730139       -0.0016062861
C          9.5951936380        0.0077589606       -0.0033076244
N          2.7915932703        0.0010320447        0.0010864931
C          2.0014534578        0.6903454148        0.8744963001
C          0.6905017130        0.4508128190        0.5546147518
C          0.6905205653       -0.4494763384       -0.5518366817
C          2.0014587287       -0.6884828792       -0.8721299107
N         -0.4982944660        0.9475061141        1.1320287105
C         -0.8922709242        2.2525135469        0.8305726969
C         -2.2218355411        2.6769296054        0.8709772469
S         -3.5785238809        1.5948136065        1.2354373927
C         -2.7360362866        0.1267812464        1.7571961910
C         -1.3522239995       -0.0218873520        1.6607929331
N         -0.4980061537       -0.9471767924       -1.1288987774
C         -1.3520674166        0.0207644616       -1.6599381693
C         -2.7353621207       -0.1303406877       -1.7600765529
S         -3.5768816796       -1.5993551310       -1.2395346490
C         -2.2194381426       -2.6791467176       -0.8710832649
C         -0.8906460469       -2.2526022807       -0.8276083939
C         -3.5274078180       -0.8931610180        2.2602231505
C         -2.9650722863       -2.0848614049        2.6805465411
C         -1.5922026283       -2.2361303577        2.6242427818
C         -0.8011707709       -1.2155843874        2.1322189578
C          0.0677130966        3.1989096479        0.4702101658
C         -0.2746492589        4.5027831437        0.1642612464
C         -1.5945929954        4.9085584327        0.2196966507
C         -2.5620044438        3.9869551520        0.5758193103
C         -2.5583610457       -3.9895319329       -0.5761175818
C         -1.5904747857       -4.9094758688       -0.2170075149
C         -0.2713297313       -4.5015985364       -0.1583932527
C          0.0698126714       -3.1973728316       -0.4641899930
C         -0.8019058320        1.2153676987       -2.1301382335
C         -1.5933952309        2.2341873002       -2.6249898921
C         -2.9657879388        2.0802770268       -2.6855249357
C         -3.5271266788        0.8877982453       -2.2660854728
H          4.3574272303       -0.1484823597       -2.1338041648
H          6.8165432257       -0.1667586615       -2.1312701919
H          6.8182386404        0.1727047603        2.1301882926
H          4.3591627348        0.1512934644        2.1348588537
H         10.6442545092        0.0100194452       -0.0044634864
H          2.4160205509        1.3167053152        1.6379905743
H          2.4159482375       -1.3148357172       -1.6356709875
H         -4.5960531509       -0.7425631165        2.2973281778
H         -3.5952151345       -2.8783681616        3.0492065994
H         -1.1288760675       -3.1515877036        2.9574497117
H          0.2694392503       -1.3430215971        2.0995248278
H          1.1010727250        2.9005584467        0.4135705827
H          0.4993441518        5.2000422255       -0.1168898539
H         -1.8747194270        5.9230529298       -0.0147269919
H         -3.6042820554        4.2662119153        0.6151879390
H         -3.6001161472       -4.2703657306       -0.6179930283
H         -1.8696375018       -5.9242200993        0.0174175968
H          0.5029881589       -5.1973600055        0.1255140885
H          1.1025759331       -2.8974896638       -0.4049106777
H          0.2683464371        1.3449331911       -2.0943609516
H         -1.1307591190        3.1502987309       -2.9573697235
H         -3.5962800269        2.8722544185       -3.0568400451
H         -4.5953620011        0.7351072770       -2.3063181339
