C         -0.3978003070        3.4917860712       -0.0025503431
C          0.3157470090        4.2813505109       -0.9047781469
C          0.1570790181        5.6488584336       -0.9026990555
C         -0.7008090300        6.2688145669        0.0118586377
C         -1.4173086062        5.4702378947        0.9087398843
C         -1.2729865784        4.0995853648        0.8971572561
C         -0.8541898126        7.7124014183       -0.0324196171
S         -0.7427772419        8.5687860369       -1.4332094865
S         -1.1830785766        8.5932124685        1.4426259205
N         -0.2414948885        2.1033962870       -0.0042171413
C          0.9631491371        1.4266455810       -0.0142920236
C          0.7161697794        0.0336956409       -0.0109581330
C         -0.7106646389       -0.1283549093       -0.0056488191
C         -1.2638357924        1.1737557652        0.0014044280
C          1.7718726087       -0.8660311802        0.0006017927
C          3.0619621831       -0.3612821989        0.0237601119
C          3.2988509014        1.0150427523        0.0503038785
C          2.2585698499        1.9230214478        0.0358463996
C         -2.6376952586        1.3667011157       -0.0469724474
C         -3.4478624934        0.2484915533       -0.0591098680
C         -2.9081533032       -1.0394978402       -0.0342132468
C         -1.5376080825       -1.2419565362       -0.0177865239
N          4.1850148220       -1.2443065685        0.0317155670
C          4.5916876388       -1.7651758031        1.2552069383
C          5.7465862036       -2.5379649514        1.4058302338
S          6.8646148318       -2.8568698166        0.0645762648
C          5.8786726495       -2.3763335694       -1.3304815690
C          4.7060376202       -1.6275267319       -1.1992061564
N         -3.8045389798       -2.1520109105       -0.0372338515
C         -4.1313203968       -2.7149137843       -1.2657805124
C         -5.0900523969       -3.7216779035       -1.4100380509
S         -6.0534040493       -4.3246726240       -0.0469526818
C         -5.1422117078       -3.6802714010        1.3332199579
C         -4.1751978688       -2.6809321918        1.1943158710
C          6.3537501811       -2.7498631758       -2.5761524889
C          5.6885111465       -2.3727516529       -3.7297723683
C          4.5345041534       -1.6201351467       -3.6201326816
C          4.0491354315       -1.2599757979       -2.3761072058
C          3.8370068523       -1.5169507886        2.4042928171
C          4.2048874188       -2.0246390334        3.6371375875
C          5.3368651809       -2.8076050701        3.7621916856
C          6.1037107218       -3.0591123074        2.6378208805
C         -5.4694168942       -4.1917131882        2.5775357845
C         -4.8605952506       -3.7099601508        3.7233243075
C         -3.9142453129       -2.7094476985        3.6070249112
C         -3.5741899430       -2.2084027381        2.3635467165
C         -3.4925106446       -2.2719971863       -2.4265128637
C         -3.7857622678       -2.8110637054       -3.6660246673
C         -4.7212026423       -3.8213133023       -3.7862796424
C         -5.3694011460       -4.2718694521       -2.6494085945
H          0.9734175317        3.8162368980       -1.6218206130
H          0.6993924085        6.2618741576       -1.6059100625
H         -2.1212680236        5.9187681118        1.5932378492
H         -1.8236321895        3.4949970837        1.6001531222
H         -0.9789977863        7.5919578707        2.3024065931
H          1.6001768511       -1.9312234282       -0.0015835293
H          4.3195797173        1.3630296899        0.0851894805
H          2.4562871445        2.9818357331        0.0761652398
H         -3.0682673892        2.3538719311       -0.0896155951
H         -4.5206837560        0.3585978402       -0.0922744807
H         -1.1313503574       -2.2414899840       -0.0192881125
H          7.2628673298       -3.3301301263       -2.6272605850
H          6.0737612360       -2.6617765826       -4.6945000327
H          4.0002151290       -1.3093656650       -4.5046405769
H          3.1443424207       -0.6770600393       -2.3137526653
H          2.9497938189       -0.9090704920        2.3307977032
H          3.5962280309       -1.8044064425        4.5004666837
H          5.6295181879       -3.2130564542        4.7174824454
H          7.0025025537       -3.6537920963        2.7036639156
H         -6.2209183575       -4.9648758109        2.6343977176
H         -5.1304039047       -4.1103489119        4.6874345783
H         -3.4301151441       -2.3122865272        4.4857572733
H         -2.8308912990       -1.4305521292        2.2959411961
H         -2.7577040090       -1.4862257211       -2.3563419360
H         -3.2735494589       -2.4355644143       -4.5384019374
H         -4.9533536893       -4.2520967885       -4.7471040751
H         -6.1152905665       -5.0501675623       -2.7105947862
