C         -0.4414846463        3.4543078083        0.3886606716
C         -1.2390590655        4.1520594081       -0.5221135485
C         -1.4173795748        5.5108358738       -0.3970050613
C         -0.7919889411        6.2223730796        0.6343681885
C          0.0265854345        5.5195814771        1.5279626754
C          0.1921888605        4.1596944486        1.4156483764
C         -0.9241916432        7.6556604355        0.7813906504
S          0.2698608521        8.5979841736        1.4158542687
S         -2.3951955626        8.4536664578        0.2626438120
N         -0.2706466321        2.0809033729        0.2679125184
C          0.9335300514        1.3983454083        0.3818496762
C          0.7116401992        0.0195635070        0.1905883569
C         -0.6984583478       -0.1394895657       -0.0367885300
C         -1.2659753940        1.1554931822        0.0165007238
C          1.7579838485       -0.8869665152        0.2290164851
C          3.0482970192       -0.4229746342        0.4797921148
C          3.2598601224        0.9634679027        0.5907635954
C          2.2257967957        1.8742953258        0.5412542222
C         -2.6384956116        1.3369471497       -0.0937186590
C         -3.4264419850        0.2215463133       -0.2959979196
C         -2.8667836402       -1.0571571825       -0.3767630475
C         -1.5031901325       -1.2507190392       -0.2404454010
N          4.1272977155       -1.2966884954        0.5284671827
C          5.4490695924       -0.8633011001        0.7504935416
C          6.4556883592       -1.2287850186       -0.1410386048
S          6.0398164872       -2.2421251400       -1.5403236800
C          4.8375924294       -3.2535611480       -0.7098509769
C          4.0115995609       -2.6737870200        0.2518744810
N         -3.7164365670       -2.1889543300       -0.5781390474
C         -4.2818307330       -2.7721706033        0.5503292830
C         -5.0835088162       -3.9159457997        0.4976107136
S         -5.4056064644       -4.7895472379       -1.0132866408
C         -4.8408273470       -3.6185628385       -2.2212168683
C         -4.0618045205       -2.5074328348       -1.8863637699
C          4.7460992644       -4.6036146660       -1.0070563261
C          3.8303551044       -5.3927929855       -0.3352232384
C          3.0408777017       -4.8389725997        0.6601745359
C          3.1405773086       -3.4933714505        0.9641962605
C          5.7925719045       -0.1315022383        1.8839444471
C          7.0974827934        0.2813617417        2.0796234244
C          8.0824363374       -0.0524822425        1.1630403352
C          7.7653380646       -0.8236851157        0.0596215582
C         -5.1795801884       -3.8851331481       -3.5369112579
C         -4.7354001805       -3.0682812807       -4.5621174901
C         -3.9448355543       -1.9777673494       -4.2523707357
C         -3.6186180322       -1.7004818019       -2.9372692564
C         -4.0520335739       -2.2136865757        1.8103545696
C         -4.5985709967       -2.7603990150        2.9572051668
C         -5.4044123867       -3.8807573910        2.8830567500
C         -5.6425026415       -4.4522447054        1.6452217335
H         -1.6883782734        3.6255317120       -1.3490620912
H         -1.9959379985        6.0344271249       -1.1431399526
H          0.5062372809        6.0633860768        2.3273836217
H          0.7919380296        3.6284267791        2.1372344685
H         -3.1352550581        7.3614862539        0.0593328545
H          1.5639732854       -1.9282540812        0.0337167785
H          4.2662288632        1.3379781341        0.6859418208
H          2.4380169907        2.9298747868        0.6029580278
H         -3.0886561853        2.3122379096       -0.0045170413
H         -4.4970229060        0.3253158956       -0.3868724530
H         -1.0850015901       -2.2442189994       -0.2822607061
H          5.3894012363       -5.0205253873       -1.7663125478
H          3.7482730876       -6.4409136487       -0.5759435762
H          2.3483151112       -5.4584742102        1.2085488638
H          2.5448190312       -3.0668112584        1.7564318955
H          5.0251850531        0.1142299334        2.6019783858
H          7.3470247451        0.8609622992        2.9546736530
H          9.0993210214        0.2737187407        1.3136170489
H          8.5212484429       -1.1115498996       -0.6544494652
H         -5.7876424270       -4.7526112332       -3.7457187073
H         -5.0003775014       -3.2904579236       -5.5834128917
H         -3.5766254768       -1.3315036010       -5.0341505744
H         -3.0010706451       -0.8443924280       -2.7179587363
H         -3.4290412787       -1.3376089943        1.8918697309
H         -4.3908996935       -2.2998675340        3.9107345552
H         -5.8399440944       -4.3118918626        3.7702167595
H         -6.2586482858       -5.3341197989        1.5531643389
