C         -0.4482478827        3.4821255409       -0.3067696469
C         -1.4108669703        3.9836312944       -1.1891184259
C         -1.5735616383        5.3388456612       -1.3413797807
C         -0.7845198343        6.2467424565       -0.6197072951
C          0.1772269597        5.7347762507        0.2627118812
C          0.3442408189        4.3793883874        0.4162173962
C         -0.9715903457        7.6646452156       -0.7943883894
S         -2.1592921461        8.3286160300       -1.7282318521
S          0.1551747249        8.7133801580        0.0523365837
N         -0.2766530937        2.1134496283       -0.1538446294
C          0.9418838749        1.4480526738       -0.0993826721
C          0.7155935575        0.0646646203        0.0485845505
C         -0.7101425272       -0.1141160896        0.0893450084
C         -1.2838132026        1.1734800418       -0.0336738696
C          1.7695244179       -0.8301313340        0.1212439247
C          3.0761027696       -0.3462752862        0.0600253114
C          3.2787553161        1.0243002572       -0.1838144751
C          2.2343878018        1.9211278904       -0.2659928353
C         -2.6574297759        1.3521401613        0.0623383867
C         -3.4478734608        0.2321790281        0.2295407852
C         -2.8889072412       -1.0464243725        0.3032484599
C         -1.5172351490       -1.2307065229        0.2442455302
N          4.1592113200       -1.2105373279        0.1451459610
C          4.0126157554       -2.6056436389        0.2805186639
C          4.6722703237       -3.4557576144       -0.6053236266
S          5.7019656404       -2.7519414585       -1.8710626198
C          6.3388974394       -1.4123798417       -0.8918397963
C          5.4961420334       -0.7832747474        0.0226919587
N         -3.7500870915       -2.1750771485        0.4625410449
C         -3.9189786422       -2.6781705681        1.7478649054
C         -4.7351444168       -3.7738118719        2.0429548286
S         -5.6801642922       -4.6372663358        0.8141166239
C         -5.3006402491       -3.7162908946       -0.6537757707
C         -4.4002041013       -2.6473858782       -0.6719600892
C          7.6601460294       -1.0189763055       -1.0294914753
C          8.1556958195        0.0049951275       -0.2429409163
C          7.3403846239        0.6061061353        0.7032649253
C          6.0243262480        0.2068721249        0.8466071236
C          3.2807404140       -3.1658548928        1.3238144850
C          3.1494667452       -4.5386475524        1.4267568834
C          3.7702570480       -5.3724393039        0.5098873649
C          4.5496400286       -4.8314937444       -0.4964373295
C         -5.9397690970       -4.1339272851       -1.8091885431
C         -5.6958505652       -3.5111902239       -3.0206593443
C         -4.7892982202       -2.4690896201       -3.0632741518
C         -4.1527244856       -2.0479438294       -1.9099603892
C         -3.2557184966       -2.0747334106        2.8198522898
C         -3.3789083857       -2.5497978299        4.1128910746
C         -4.1781199880       -3.6444173819        4.3825655868
C         -4.8584912323       -4.2465795493        3.3388740205
H         -2.0036891176        3.3013747914       -1.7774917518
H         -2.3050003354        5.7224139349       -2.0362347387
H          0.7839560635        6.4139077590        0.8426018390
H          1.0679103359        4.0018015501        1.1207678485
H         -0.3771366233        9.8575504261       -0.3680006563
H          1.5656012324       -1.8852586945        0.1956064941
H          4.2798544451        1.3903892199       -0.3431124029
H          2.4349346840        2.9592783374       -0.4774287265
H         -3.1038869552        2.3328798480        0.0300835527
H         -4.5196484715        0.3347131079        0.3053699625
H         -1.0938125519       -2.2191955146        0.3313023752
H          8.2845832832       -1.5155281104       -1.7558117686
H          9.1807781286        0.3198910210       -0.3577489913
H          7.7324564132        1.3851369832        1.3382540813
H          5.3924709425        0.6599514043        1.5949608102
H          2.8160645190       -2.5160789588        2.0493809425
H          2.5652489979       -4.9585398731        2.2307933242
H          3.6634125575       -6.4428636212        0.5875689546
H          5.0613733928       -5.4638229598       -1.2052242579
H         -6.6313737791       -4.9605194313       -1.7427041928
H         -6.2026486597       -3.8445913930       -3.9120129503
H         -4.5691490239       -1.9746209430       -3.9967919750
H         -3.4441887340       -1.2376359005       -1.9693330564
H         -2.6327776497       -1.2144880160        2.6355037860
H         -2.8449084453       -2.0541626150        4.9088143523
H         -4.2800599767       -4.0255550741        5.3859769892
H         -5.4995674028       -5.0973813445        3.5152028603
