C         -0.4376248021        3.4834044428       -0.4050501226
C         -1.4237616721        4.0152885224       -1.2420824414
C         -1.5806558874        5.3754848077       -1.3522094177
C         -0.7617267429        6.2573009125       -0.6318231519
C          0.2235182558        5.7148460979        0.2049593200
C          0.3842684848        4.3543469874        0.3166644681
C         -0.9442110485        7.6812955278       -0.7603229148
S         -2.1587947460        8.3780366534       -1.6330944972
S          0.2189954648        8.6981898122        0.0753320121
N         -0.2754584675        2.1085540239       -0.2929042647
C          0.9340133717        1.4250275221       -0.3156927768
C          0.6948812382        0.0429965522       -0.1762428242
C         -0.7282140219       -0.1148004481       -0.0480784460
C         -1.2891824622        1.1818842395       -0.1334827351
C          1.7339854237       -0.8717705020       -0.2025718795
C          3.0362023675       -0.4148340751       -0.4015148461
C          3.2570702372        0.9684009602       -0.5278682986
C          2.2283147414        1.8866349465       -0.4978629569
C         -2.6551460640        1.3774752946        0.0158868402
C         -3.4545468482        0.2653505046        0.1976727660
C         -2.9100037768       -1.0189307554        0.2448942819
C         -1.5429093554       -1.2208956709        0.1352574091
N          4.1070128869       -1.2993205714       -0.4152796998
C          3.9583426817       -2.6787506519       -0.1653613879
C          4.7080505427       -3.2810113466        0.8434348328
S          5.8566025476       -2.2930877622        1.7718474329
C          6.3817234476       -1.2660493667        0.4197368918
C          5.4469188636       -0.8806914142       -0.5393222883
N         -3.7940869798       -2.1275498386        0.4224260095
C         -4.0298935467       -2.5637608824        1.7210585543
C         -4.9708601692       -3.5486988227        2.0341960181
S         -6.0220767380       -4.2872469492        0.8098778828
C         -5.2151161123       -3.7853382639       -0.6890545803
C         -4.2490312383       -2.7757579164       -0.7201547333
C          7.7067370284       -0.8737690038        0.3197509343
C          8.1123891451       -0.0976055215       -0.7506512978
C          7.2016896226        0.2525969424       -1.7352404289
C          5.8812559426       -0.1468008354       -1.6395986340
C          3.1296129119       -3.4767635912       -0.9488287398
C          2.9958519931       -4.8256547100       -0.6743196036
C          3.7087588033       -5.4029726521        0.3647377766
C          4.5820178482       -4.6342748303        1.1125411386
C         -5.6257699898       -4.4196187282       -1.8491948261
C         -5.1048760452       -4.0539391750       -3.0782542029
C         -4.1627984571       -3.0440022037       -3.1308594067
C         -3.7388342280       -2.4205620813       -1.9713429519
C         -3.3108528033       -2.0088228716        2.7825354892
C         -3.5133771204       -2.4185966691        4.0878904482
C         -4.4350145362       -3.4074280003        4.3761483245
C         -5.1600126867       -3.9692123316        3.3396240677
H         -2.0413820595        3.3531602258       -1.8280020739
H         -2.3312949765        5.7832186378       -2.0119156252
H          0.8535637305        6.3732009014        0.7839773983
H          1.1252268308        3.9527772151        0.9893602598
H         -0.3196993447        9.8571387855       -0.2935743936
H          1.5226281212       -1.9172755109       -0.0530892849
H          4.2647068874        1.3359914716       -0.6322195439
H          2.4447959749        2.9352050360       -0.6242931982
H         -3.0895507875        2.3640760958        0.0073191578
H         -4.5215697754        0.3803397286        0.3107934664
H         -1.1298017571       -2.2158506653        0.1981739705
H          8.4048179355       -1.1756729006        1.0849684551
H          9.1410723362        0.2181360083       -0.8232197854
H          7.5216766224        0.8340339556       -2.5857798650
H          5.1733111891        0.1089114475       -2.4130484759
H          2.5925861666       -3.0297005137       -1.7712978264
H          2.3371210517       -5.4292689464       -1.2791748022
H          3.5998810862       -6.4537909889        0.5820048950
H          5.1649512312       -5.0697698008        1.9091773419
H         -6.3727543850       -5.1955873392       -1.7742355801
H         -5.4392744501       -4.5491367184       -3.9757856979
H         -3.7478083522       -2.7340959034       -4.0775299903
H         -3.0014196724       -1.6366546971       -2.0350450006
H         -2.5849130843       -1.2377631321        2.5800261548
H         -2.9410384553       -1.9588855371        4.8787899969
H         -4.5973247318       -3.7370644485        5.3898502141
H         -5.8965505265       -4.7349461556        3.5318356534
