C         -0.3928760315        3.4502707567        0.0143950760
C         -1.2742563902        4.0520505472       -0.8848775104
C         -1.4297233232        5.4195609764       -0.8904343579
C         -0.6937271401        6.2287526269       -0.0180058070
C          0.1867525538        5.6181906794        0.8815680617
C          0.3284690122        4.2479967094        0.9031231057
C         -0.9027662364        7.6644495804       -0.0441395371
S         -2.3572582554        8.3367949713       -0.4211791027
S          0.4201511225        8.7396713862        0.3486849899
N         -0.2379135111        2.0631261497        0.0321664223
C          0.9669266726        1.3863352468        0.0542901024
C          0.7208205167       -0.0057655392        0.0740731056
C         -0.7056553441       -0.1684805603        0.0652691907
C         -1.2594572268        1.1323559580        0.0314526566
C          1.7777607310       -0.9055489822        0.0710284435
C          3.0657999914       -0.4021820111        0.0267258809
C          3.3021920846        0.9759391088       -0.0262704136
C          2.2622751547        1.8829512247       -0.0132298070
C         -2.6347545534        1.3247618336        0.0559705696
C         -3.4435396700        0.2065983424        0.0660324941
C         -2.9012637719       -1.0831935794        0.0730018763
C         -1.5323243166       -1.2832080882        0.0858369125
N          4.1677059422       -1.3107406897        0.0038837916
C          4.5574100288       -1.8047880702       -1.2371679770
C          5.5563765464       -2.7691894263       -1.3947387530
S          6.3998457462       -3.5035569656       -0.0172791733
C          5.9404604793       -2.4016192462        1.2960336337
C          4.8850228936       -1.4922120598        1.1815504933
N         -3.7708800336       -2.2165267278        0.0637697747
C         -4.0939015942       -2.7561673985       -1.1773920631
C         -4.8679606727       -3.9095291257       -1.3301666581
S         -5.4798922917       -4.8388647360        0.0518437836
C         -5.2058485007       -3.6995816424        1.3846619308
C         -4.3787280115       -2.5794532542        1.2608403784
C          6.6535548020       -2.5264310452        2.4762621639
C          6.3207612620       -1.7722890297        3.5879678671
C          5.2556932148       -0.8954896566        3.5050934558
C          4.5532518770       -0.7563582492        2.3217999938
C          3.9408068642       -1.3313379773       -2.3981067003
C          4.2930151201       -1.8015083096       -3.6501656018
C          5.2875041847       -2.7515302028       -3.7865927998
C          5.9191109943       -3.2262976779       -2.6504447726
C         -5.8193103965       -4.0075430677        2.5870896914
C         -5.6071602776       -3.2278185065        3.7106395613
C         -4.7637702598       -2.1370477015        3.6163526090
C         -4.1634422071       -1.8176332382        2.4119446091
C         -3.6371813182       -2.1370144045       -2.3436569847
C         -3.9289120111       -2.6443217453       -3.5967759728
C         -4.7021898791       -3.7822439347       -3.7281595212
C         -5.1726665107       -4.4064921053       -2.5861660695
H         -1.8177450948        3.4451579744       -1.5913116153
H         -2.1060114551        5.8889027250       -1.5881953135
H          0.7185381030        6.2131825905        1.6085186370
H          0.9786709070        3.7853852461        1.6285543955
H          1.3962838351        7.8286137784        0.3654700849
H          1.6065536703       -1.9702727686        0.0863032114
H          4.3222939339        1.3239103347       -0.0827356704
H          2.4584693426        2.9408785429       -0.0759222039
H         -3.0675054552        2.3119077297        0.0752013922
H         -4.5172517989        0.3169946547        0.0732825475
H         -1.1255620190       -2.2818351230        0.1067985947
H          7.4655530355       -3.2371282589        2.5135720625
H          6.8807390533       -1.8821634454        4.5028185894
H          4.9638203451       -0.3100863630        4.3632325393
H          3.7236090454       -0.0693857383        2.2824760325
H          3.1677486386       -0.5843259774       -2.3171753657
H          3.7846167895       -1.4153987005       -4.5200908290
H          5.5714861843       -3.1233171887       -4.7580663457
H          6.6975857024       -3.9711257459       -2.7214247252
H         -6.4556379074       -4.8787209122        2.6312309668
H         -6.0870834312       -3.4806700078        4.6424736777
H         -4.5676645681       -1.5229724331        4.4816806842
H         -3.5075144804       -0.9635241899        2.3638450501
H         -3.0383016822       -1.2440284193       -2.2658267004
H         -3.5485188933       -2.1395099908       -4.4712880452
H         -4.9379206195       -4.1848599868       -4.7002325099
H         -5.7757721486       -5.2995517128       -2.6531624533
