C         -0.3869120900        3.4447969747       -0.0485523816
C          0.3330088164        4.2371704017        0.8467787776
C          0.1778415878        5.6046775592        0.8393179043
C         -0.7173427229        6.2201086296       -0.0424068076
C         -1.4330386083        5.4196483853       -0.9391830636
C         -1.2632695296        4.0524482005       -0.9481218222
C         -0.8380040842        7.6661049288       -0.0277899131
S          0.4254663512        8.6525984913        0.3465130457
S         -2.3683809414        8.4112352991       -0.4318455592
N         -0.2283323875        2.0579167584       -0.0498492027
C          0.9753405786        1.3793055109       -0.0278607655
C          0.7267483062       -0.0128040134       -0.0361070329
C         -0.6998762828       -0.1733760717       -0.0538609280
C         -1.2512559362        1.1285711186       -0.0645136708
C          1.7820437808       -0.9145282778       -0.0349636730
C          3.0711813080       -0.4127191913       -0.0304977573
C          3.3111985310        0.9655899673       -0.0506062197
C          2.2727336205        1.8743618281       -0.0584260120
C         -2.6256922111        1.3238366128       -0.0202811529
C         -3.4366463122        0.2074590824       -0.0025729903
C         -2.8971015393       -1.0832612598       -0.0230497465
C         -1.5288197153       -1.2867669721       -0.0411197323
N          4.1733196838       -1.3217726708       -0.0086541855
C          4.6479461585       -1.7140843432        1.2387943034
C          5.6715097402       -2.6508127525        1.4053427585
S          6.4352399253       -3.4837111458        0.0373168432
C          5.8703591220       -2.4990253668       -1.3268461837
C          4.8144306511       -1.5901529008       -1.2132374933
N         -3.7709620408       -2.2135414895       -0.0022589217
C         -4.3412716675       -2.6089938055       -1.2072509435
C         -5.1706927323       -3.7276622469       -1.3267849806
S         -5.5060187035       -4.8204758644        0.0309300906
C         -4.9194317012       -3.8611422505        1.4037484568
C         -4.1287546644       -2.7200756063        1.2427327094
C          6.5028592503       -2.7139070623       -2.5395650930
C          6.0870325705       -2.0527706378       -3.6821241703
C          5.0227640335       -1.1753754915       -3.5957113417
C          4.4008915241       -0.9458252048       -2.3817981690
C          4.0932045290       -1.1641597059        2.3971344615
C          4.5328690587       -1.5298512572        3.6564201226
C          5.5540519821       -2.4498346557        3.8010599117
C          6.1212614767       -3.0033981060        2.6665333189
C         -5.2613188802       -4.3232851202        2.6634103148
C         -4.8127985657       -3.6759154473        3.8014362408
C         -4.0210177313       -2.5518094245        3.6619855852
C         -3.6910396992       -2.0794644467        2.4046539230
C         -4.0848509481       -1.8794521906       -2.3707898676
C         -4.6431137825       -2.2318687319       -3.5861525341
C         -5.4853838135       -3.3236245472       -3.6788830825
C         -5.7417710955       -4.0687735472       -2.5411080025
H          0.9955009716        3.7740572524        1.5604954360
H          0.7283532978        6.2199971687        1.5341712788
H         -2.0810534827        5.8737582083       -1.6734442292
H         -1.7885815547        3.4496207509       -1.6717356671
H         -3.1130090292        7.3028131662       -0.4429875187
H          1.6093405308       -1.9790799672       -0.0367755277
H          4.3330602973        1.3129585765       -0.0651884631
H          2.4733253866        2.9328080634       -0.0980897129
H         -3.0545976031        2.3117983485        0.0184142185
H         -4.5095980155        0.3188074878        0.0319222322
H         -1.1238694498       -2.2863045870       -0.0338022275
H          7.3188265809       -3.4200729581       -2.5758885571
H          6.5843475425       -2.2325878552       -4.6217621723
H          4.6687833680       -0.6592280294       -4.4746965369
H          3.5722451083       -0.2576160504       -2.3392051335
H          3.2990457681       -0.4405655329        2.3081413347
H          4.0714589568       -1.0863497767        4.5251636616
H          5.9067710655       -2.7396278149        4.7778957376
H          6.9162217200       -3.7298664468        2.7443897719
H         -5.8762653711       -5.2077452401        2.7371294669
H         -5.0786421895       -4.0510983328        4.7767262407
H         -3.6553869112       -2.0307139974        4.5332481253
H         -3.0764305882       -1.1977786615        2.3204721456
H         -3.4292633051       -1.0251498663       -2.3225964370
H         -4.4149988254       -1.6435576252       -4.4614474446
H         -5.9319105294       -3.6031110966       -4.6196882463
H         -6.3809457938       -4.9380228096       -2.5824412687
