C         -0.4015304572        3.4875573128        0.1137595099
C          0.3086542006        4.3094823833       -0.7617967577
C          0.1507527953        5.6760950938       -0.7085214913
C         -0.7028084560        6.2623680784        0.2319143144
C         -1.4182551947        5.4314397693        1.0998931275
C         -1.2750687148        4.0622206080        1.0367791807
C         -0.8527563005        7.7068228288        0.2442415296
S         -0.7444051078        8.6172070546       -1.1223344074
S         -1.1732139048        8.5299725556        1.7541916676
N         -0.2433349253        2.1004201325        0.0659860930
C          0.9617629771        1.4247385834        0.0351090573
C          0.7151588912        0.0319257398        0.0141238449
C         -0.7115100613       -0.1309937836        0.0178523764
C         -1.2651606981        1.1701886319        0.0500919323
C          1.7704939977       -0.8680628816       -0.0007928512
C          3.0613812959       -0.3643609945        0.0000740681
C          3.2981333263        1.0116107231        0.0495909903
C          2.2580983777        1.9194485973        0.0775946593
C         -2.6387247846        1.3634562499       -0.0071105924
C         -3.4473061662        0.2457054953       -0.0650737626
C         -2.9075829214       -1.0429359104       -0.0675677942
C         -1.5372808433       -1.2446463181       -0.0277282324
N          4.1854992143       -1.2437764782       -0.0335092217
C          4.7769295363       -1.5681350096        1.1833712915
C          5.9801470279       -2.2714277937        1.2818476466
S          6.9065919818       -2.7698967753       -0.1469734846
C          5.6869677933       -2.5873587897       -1.4234846911
C          4.5241551734       -1.8311112996       -1.2483458833
N         -3.8041454884       -2.1527099377       -0.1243470422
C         -3.9645857579       -2.8062795600       -1.3418138450
C         -4.9137350173       -3.8136046390       -1.5397970052
S         -6.0914064741       -4.2736207576       -0.2941858986
C         -5.3561897293       -3.5561274705        1.1525839585
C         -4.3457989579       -2.5939976364        1.0787381899
C          5.9758279610       -3.1879444147       -2.6370467301
C          5.1330190788       -3.0297557258       -3.7232807999
C          3.9980146363       -2.2543897192       -3.5797460980
C          3.6977151646       -1.6693817133       -2.3629465106
C          4.1588967275       -1.1900584863        2.3777817483
C          4.7176951774       -1.4865248475        3.6076238504
C          5.9062623906       -2.1878984603        3.6854484881
C          6.5286764645       -2.5832424711        2.5142784470
C         -5.8599976092       -3.9732663253        2.3729261582
C         -5.3866887042       -3.4322831681        3.5555783670
C         -4.3903580731       -2.4756970020        3.5020258661
C         -3.8735568587       -2.0706315637        2.2848505935
C         -3.1689705190       -2.4593466928       -2.4364511732
C         -3.2909140766       -3.1023322926       -3.6549354152
C         -4.2090951513       -4.1219181611       -3.8203015985
C         -5.0212649607       -4.4687225370       -2.7547751693
H          0.9629890965        3.8709850008       -1.4983477647
H          0.6910380277        6.3144868486       -1.3904086748
H         -2.1200336209        5.8548342193        1.8024010886
H         -1.8249574920        3.4320481821        1.7175995572
H         -0.9676039370        7.4953804085        2.5731888374
H          1.5973642371       -1.9330090709       -0.0144490738
H          4.3193368068        1.3593926053        0.0725192753
H          2.4575292309        2.9769802817        0.1376027880
H         -3.0694606347        2.3513066653       -0.0283965678
H         -4.5195823407        0.3564915729       -0.1121902788
H         -1.1291888425       -2.2433468558       -0.0450909076
H          6.8828102473       -3.7676621659       -2.7212502043
H          5.3716309122       -3.4968741825       -4.6653523146
H          3.3338408550       -2.1002446079       -4.4161391008
H          2.8081835719       -1.0666336899       -2.2782513348
H          3.2264065250       -0.6501764384        2.3396219554
H          4.2131876196       -1.1676863389        4.5065498046
H          6.3492892613       -2.4258087160        4.6392554724
H          7.4601928596       -3.1285149412        2.5399146499
H         -6.6402386493       -4.7195202428        2.3794551097
H         -5.7952835784       -3.7565399238        4.4992570091
H         -4.0042139171       -2.0397477532        4.4103687897
H         -3.0898568318       -1.3304708365        2.2656235200
H         -2.4479335579       -1.6646198290       -2.3350117363
H         -2.6584772251       -2.7998201549       -4.4752637574
H         -4.3060297322       -4.6351787757       -4.7635891155
H         -5.7652619036       -5.2445239147       -2.8568526056
