C         -0.3886822545        3.5394826627        0.0138572993
C         -1.2572159683        4.1578598719       -0.8947815317
C         -1.4133614829        5.5214948934       -0.8933754736
C         -0.7137261432        6.3284927958        0.0171094803
C          0.1543624533        5.7005361357        0.9248791065
C          0.3163854748        4.3383094798        0.9234899130
C         -0.8682154582        7.7562679041        0.0345110560
S          0.0001318797        8.7701399891        1.0085911530
S         -2.0692788708        8.4309107378       -1.0610937777
N         -0.2317924200        2.1659536761        0.0120190172
C          0.9699587005        1.4770634170        0.1311470405
C          0.7226618755        0.0903175489        0.0744305794
C         -0.6992121401       -0.0700077836       -0.0678466085
C         -1.2497446621        1.2268634841       -0.1118449038
C          1.7531982697       -0.8289736038        0.1416205398
C          3.0678757082       -0.3732984455        0.2322615358
C          3.2992846545        1.0117338883        0.2862113041
C          2.2747484770        1.9353911535        0.2265961340
C         -2.6243903482        1.3837881065       -0.1985497850
C         -3.4172948955        0.2554929421       -0.2627824922
C         -2.8825229023       -1.0435842222       -0.2234757931
C         -1.4989850613       -1.1956549777       -0.1414168569
N          4.1241551157       -1.2724027496        0.3286649643
C          5.4613530619       -0.8703209941        0.5119955857
C          6.1926064622       -1.3703077160        1.5882571514
S          5.4169569380       -2.5154239404        2.7033196467
C          4.4570683463       -3.3791541219        1.4826424292
C          3.9227224597       -2.6653320613        0.4117180832
N         -3.7141506407       -2.1531903676       -0.3244585296
C         -5.1098889873       -2.0527864769       -0.4843064980
C         -5.7302356183       -2.6825604504       -1.5618728771
S         -4.7384864746       -3.6085405922       -2.7088929536
C         -3.5941526631       -4.2611333471       -1.5165226381
C         -3.2128142626       -3.4660252911       -0.4373339599
C          4.2622197520       -4.7464383675        1.5947564491
C          3.5352501114       -5.4166158594        0.6277318914
C          3.0442264665       -4.7266781672       -0.4695500209
C          3.2500416249       -3.3641673350       -0.5869448764
C          6.1012286098       -0.0347900946       -0.3993606415
C          7.4146272592        0.3466659854       -0.1950457395
C          8.1172917735       -0.1220122721        0.9039892860
C          7.5116580560       -0.9965840189        1.7877570219
C         -3.1072628852       -5.5506449096       -1.6579275806
C         -2.2374621430       -6.0622824648       -0.7122349718
C         -1.8928337769       -5.3005530575        0.3932282832
C         -2.3893493044       -4.0181108332        0.5400095830
C         -5.9027409344       -1.3941947804        0.4514980710
C         -7.2710401160       -1.3084196318        0.2711665776
C         -7.8710281766       -1.9013820139       -0.8287533504
C         -7.1022668872       -2.6050815649       -1.7378966729
H         -1.7758057202        3.5583419531       -1.6258099726
H         -2.0701898691        5.9818595319       -1.6164081640
H          0.6837656416        6.3091136592        1.6423520195
H          0.9599365693        3.8731382846        1.6531323751
H         -1.8609174812        9.7011189675       -0.7267773244
H          1.5215965093       -1.8808326164        0.1394113287
H          4.3068213848        1.3775787334        0.3998433146
H          2.5083465752        2.9880422623        0.2457467778
H         -3.0866583094        2.3579634311       -0.2062040599
H         -4.4818501910        0.3878768564       -0.3677643030
H         -1.0385781313       -2.1692853512       -0.1496138967
H          4.6756856184       -5.2690702099        2.4432448051
H          3.3695655369       -6.4780596008        0.7224970079
H          2.5026200904       -5.2510000755       -1.2414077872
H          2.8876293654       -2.8280916399       -1.4507012786
H          5.5570510374        0.3134954706       -1.2639248135
H          7.8929188987        1.0074694307       -0.9011644692
H          9.1402326108        0.1792136293        1.0653652976
H          8.0477496390       -1.3894215949        2.6377432049
H         -3.4094383477       -6.1365806365       -2.5119919008
H         -1.8458987087       -7.0603034942       -0.8295924797
H         -1.2389353063       -5.7071997963        1.1489236488
H         -2.1409862494       -3.4315963101        1.4112672823
H         -5.4338939647       -0.9484964456        1.3154753840
H         -7.8714850365       -0.7817057218        0.9964385462
H         -8.9376811435       -1.8303002997       -0.9714675753
H         -7.5524645809       -3.0910140546       -2.5895522296
