C         -0.3923320382        3.4876714758        0.0131062745
C          0.3370998826        4.2797257384       -0.8749069020
C          0.1830400682        5.6472756335       -0.8686888271
C         -0.7199936422        6.2632946312        0.0046781526
C         -1.4446295895        5.4632088916        0.8946021675
C         -1.2763517290        4.0958612179        0.9047694630
C         -0.8394049379        7.7092692663       -0.0106776221
S          0.4280413579        8.6950723343       -0.3733176066
S         -2.3731548364        8.4552807895        0.3790487747
N         -0.2348356846        2.1008676414        0.0142389050
C          0.9694383556        1.4227505652       -0.0015297416
C          0.7210892233        0.0302439239       -0.0043740975
C         -0.7059259581       -0.1307664119        0.0133856782
C         -1.2580122610        1.1714213394        0.0232210166
C          1.7752687095       -0.8711989356       -0.0179941212
C          3.0667083012       -0.3691394776        0.0000525884
C          3.3046801908        1.0068244064        0.0469527812
C          2.2659200297        1.9165208818        0.0483782366
C         -2.6320076026        1.3644805669       -0.0197291498
C         -3.4424098127        0.2464803922       -0.0257003324
C         -2.9039089865       -1.0421448316        0.0063038657
C         -1.5330058840       -1.2443383669        0.0180802577
N          4.1901686767       -1.2493768873       -0.0323970057
C          4.5375357496       -1.9229644753        1.1339137754
C          5.6948100317       -2.6999784858        1.2421752772
S          6.9017251758       -2.8019229788       -0.0553014336
C          5.9761763378       -2.1761667700       -1.4334562083
C          4.7767784116       -1.4776668675       -1.2734810688
N         -3.8035651702       -2.1505453937        0.0292367836
C         -4.0042674438       -2.8633115604       -1.1481274857
C         -4.9612985908       -3.8758544546       -1.2646191729
S         -6.0994019706       -4.2673083641        0.0399265885
C         -5.3105570748       -3.4881256369        1.4251868896
C         -4.3011857636       -2.5345027137        1.2708145790
C          6.5208853470       -2.3862284960       -2.6890101623
C          5.8978581275       -1.8928343375       -3.8219835999
C          4.7112563591       -1.1976814932       -3.6833594663
C          4.1567601617       -1.0019790076       -2.4316140468
C          3.7249576984       -1.8321706114        2.2665459661
C          4.0312805065       -2.5058881674        3.4350245872
C          5.1589780629       -3.3013227272        3.5100621685
C          5.9895472426       -3.3886553175        2.4065461511
C         -5.7708856135       -3.8470886997        2.6807345526
C         -5.2539896352       -3.2544647555        3.8195679045
C         -4.2577697063       -2.3056110678        3.6863198387
C         -3.7842211864       -1.9588171202        2.4340504778
C         -3.2440614186       -2.5733085491       -2.2835822500
C         -3.4068363032       -3.2756252036       -3.4639811357
C         -4.3313904925       -4.2994442447       -3.5482899737
C         -5.1091459951       -4.5904598310       -2.4411599506
H          1.0064295396        3.8161808260       -1.5819744501
H          0.7405951803        6.2622825701       -1.5581930122
H         -2.0988870199        5.9177659479        1.6230357278
H         -1.8088812752        3.4935571482        1.6235058634
H         -3.1185721322        7.3473765985        0.3822113899
H          1.6008347308       -1.9358162097       -0.0374795580
H          4.3259880597        1.3536494243        0.0787022191
H          2.4661936998        2.9743712317        0.1018218583
H         -3.0624082750        2.3515215652       -0.0626849160
H         -4.5153543212        0.3568694513       -0.0525794578
H         -1.1257343826       -2.2434818047        0.0262822059
H          7.4499572246       -2.9313853403       -2.7620995781
H          6.3382317998       -2.0518508241       -4.7932732004
H          4.2050409079       -0.8048054071       -4.5515295234
H          3.2253599396       -0.4655649031       -2.3475269947
H          2.8422317028       -1.2144128377        2.2349926332
H          3.3776258888       -2.4050705461        4.2876305651
H          5.4018317214       -3.8378551907        4.4132504420
H          6.8914609030       -3.9813413412        2.4391834558
H         -6.5521943216       -4.5890511173        2.7496710217
H         -5.6290695061       -3.5333123717        4.7912708185
H         -3.8378325614       -1.8301168482        4.5591694624
H         -2.9996524815       -1.2237834564        2.3537286859
H         -2.5188005291       -1.7768352973       -2.2444483330
H         -2.8011606237       -3.0164497922       -4.3186232840
H         -4.4596595164       -4.8588076310       -4.4611475024
H         -5.8572334612       -5.3680476088       -2.4804030437
