C         -0.4243595540        3.4837576695        0.4084600760
C          0.4316715453        4.3419293628       -0.2889892600
C          0.2741947793        5.7034479312       -0.1981504857
C         -0.7410774557        6.2616481380        0.5923244614
C         -1.5913969193        5.3936604038        1.2913611908
C         -1.4374526759        4.0306720953        1.2020429586
C         -0.8912755128        7.6930387748        0.6708668798
S          0.1507041101        8.7668550330       -0.0243989785
S         -2.2823203224        8.2861327152        1.5646141308
N         -0.2697140193        2.1067615695        0.3130634130
C          0.9337204355        1.4154192617        0.3740462650
C          0.6920749272        0.0363089428        0.2126502629
C         -0.7265061205       -0.1115510418        0.0332108702
C         -1.2828830142        1.1876843007        0.1097544855
C          1.7245015482       -0.8849307498        0.2662800100
C          3.0207589453       -0.4377370752        0.5180484848
C          3.2440026059        0.9425969585        0.6708538915
C          2.2225027416        1.8673447231        0.6116184785
C         -2.6419495998        1.3919064699       -0.0839797145
C         -3.4408140036        0.2855974575       -0.3011078562
C         -2.9019915480       -1.0011883638       -0.3407283611
C         -1.5402714742       -1.2114316180       -0.1872811937
N          4.0880590796       -1.3258070368        0.5593989653
C          5.4190415636       -0.9120330578        0.7661409904
C          6.4037182688       -1.2660868457       -0.1540936013
S          5.9501551600       -2.2426613069       -1.5680030535
C          4.7545847147       -3.2614225605       -0.7370482837
C          3.9543624394       -2.6957714485        0.2541485833
N         -3.7857951367       -2.1027854948       -0.5583824531
C         -4.2554264547       -2.7827660378        0.5599257994
C         -5.2232542387       -3.7884529534        0.4858537172
S         -6.0171187193       -4.2335409040       -1.0379967373
C         -4.9214280605       -3.4953378906       -2.2227426988
C         -3.9831821694       -2.5215062786       -1.8693234656
C          4.6435473821       -4.6036386691       -1.0620151501
C          3.7348897186       -5.3988038438       -0.3876935780
C          2.9719214279       -4.8600121042        0.6362762596
C          3.0904545015       -3.5222156327        0.9668741633
C          5.7927413855       -0.2131833430        1.9106125723
C          7.1060361229        0.1802691930        2.0905102615
C          8.0688110492       -0.1406297644        1.1462180053
C          7.7214607900       -0.8798775736        0.0301401224
C         -5.0722299801       -3.9009452403       -3.5377619231
C         -4.3112412209       -3.3328759588       -4.5446660364
C         -3.3922993205       -2.3538506798       -4.2168216245
C         -3.2271068284       -1.9602788356       -2.9012690118
C         -3.7619115158       -2.4653441354        1.8277304162
C         -4.2010691311       -3.1239102518        2.9619167962
C         -5.1415986236       -4.1321934505        2.8661834747
C         -5.6479551451       -4.4589781209        1.6202017375
H          1.1967428845        3.9294174057       -0.9273824645
H          0.9244812075        6.3627484069       -0.7525615639
H         -2.3671177090        5.8002794378        1.9226859178
H         -2.0799293042        3.3780765057        1.7714962496
H         -2.0195557975        9.5782369704        1.3889726681
H          1.5129207298       -1.9271226679        0.0962239102
H          4.2490162167        1.3024962829        0.8195224712
H          2.4396061422        2.9134359316        0.7574177200
H         -3.0712359142        2.3806361815       -0.0828703292
H         -4.5027196128        0.4074453551       -0.4491271654
H         -1.1302260106       -2.2080012492       -0.2450056582
H          5.2663549461       -5.0096971624       -1.8438990836
H          3.6378645045       -6.4406613892       -0.6491555126
H          2.2856187167       -5.4853646153        1.1858559214
H          2.5152964352       -3.1068690897        1.7800622233
H          5.0428420443        0.0213706470        2.6505422268
H          7.3794942930        0.7341775498        2.9749780679
H          9.0922126598        0.1701446192        1.2848792744
H          8.4597535875       -1.1569354302       -0.7061985218
H         -5.8078203510       -4.6589311638       -3.7616125211
H         -4.4439493983       -3.6500083592       -5.5666511745
H         -2.7926168202       -1.8895487490       -4.9844884372
H         -2.5018549052       -1.1974007557       -2.6675851268
H         -3.0261780311       -1.6833575430        1.9251028981
H         -3.7988077593       -2.8430844849        3.9230339253
H         -5.4866522011       -4.6551928482        3.7437107804
H         -6.3948670025       -5.2310621748        1.5120912230
