C          4.0483369958       -0.0002269325        0.0001524990
C          4.7504794367       -1.1795375015       -0.2400339315
C          6.1297787751       -1.1790095873       -0.2424184638
C          6.8341260306        0.0005160638        0.0013159538
C          6.1289711141        1.1796447984        0.2445394820
C          4.7496770369        1.1794214370        0.2409759440
C          8.2493216082        0.0009268170        0.0018299810
C          9.4501641560        0.0013656526        0.0018429828
N          2.6465028964       -0.0005025732       -0.0004112982
C          1.8545601528        0.7974127922        0.7733843063
C          0.5429890586        0.5102278182        0.4982266019
C          0.5434571959       -0.5114536766       -0.5009674942
C          1.8553148074       -0.7985012438       -0.7749626728
N         -0.6181910171        1.0870864668        1.0424552345
C         -1.0059444713        2.3804355642        0.6736129367
C         -2.3552858505        2.7459359073        0.7461366208
O         -3.3430586102        1.8686533163        1.1385301781
C         -2.9427657949        0.6184838639        1.5513710826
C         -1.6009688365        0.2216923907        1.5308868632
N         -0.6173974311       -1.0883286711       -1.0459644922
C         -1.0056624015       -2.3814079963       -0.6763318838
C         -2.3555891582       -2.7454143553       -0.7450685903
O         -3.3435247041       -1.8670538973       -1.1345155128
C         -2.9430048225       -0.6174817793       -1.5489012858
C         -1.6007269492       -0.2222083398       -1.5322676709
C         -3.9223399454       -0.2462422096        2.0015781016
C         -3.5825047492       -1.5135847566        2.4532886943
C         -2.2572635393       -1.8984496786        2.4770098239
C         -1.2728243628       -1.0341536754        2.0254278563
C         -0.0896077351        3.3256761642        0.2333966615
C         -0.4975564402        4.6024243894       -0.1189634914
C         -1.8288987725        4.9560836291       -0.0335872620
C         -2.7580303594        4.0219264251        0.3998983210
C         -3.9228385471        0.2482673488       -1.9966243312
C         -3.5827352432        1.5149851371       -2.4498571888
C         -2.2570782411        1.8982399707       -2.4776001328
C         -1.2724289816        1.0329933208       -2.0283360761
C         -0.0890441282       -3.3277477812       -0.2390804222
C         -0.4973494641       -4.6040984220        0.1142936514
C         -1.8293501881       -4.9562327072        0.0328743254
C         -2.7587168835       -4.0210303511       -0.3977943348
H          4.2152240942       -2.1005397989       -0.4090586776
H          6.6724585121       -2.0936796648       -0.4261846330
H          6.6709554466        2.0946102384        0.4288589366
H          4.2137923921        2.1001363593        0.4095833404
H         10.4992059175        0.0017781048        0.0021608708
H          2.2649901051        1.4752352031        1.4934893383
H          2.2666187965       -1.4761446348       -1.4947356598
H         -4.9478124560        0.0873639487        1.9806369891
H         -4.3559922856       -2.1862429049        2.7877035880
H         -1.9780273657       -2.8767512296        2.8353374020
H         -0.2374792102       -1.3371422351        2.0441859941
H          0.9489546501        3.0508957780        0.1498901982
H          0.2348526699        5.3162299358       -0.4621406039
H         -2.1547042765        5.9472638827       -0.3055812908
H         -3.8081664982        4.2590896980        0.4625269878
H         -4.9486734550       -0.0840215942       -1.9724871867
H         -4.3563639373        2.1884724046       -2.7822748729
H         -1.9777317741        2.8760230980       -2.8372465380
H         -0.2367603835        1.3346959524       -2.0499479197
H          0.9500558249       -3.0541272157       -0.1586516415
H          0.2352758704       -5.3187928077        0.4551528490
H         -2.1554533096       -5.9470637547        0.3057960962
H         -3.8093016963       -4.2569829674       -0.4572907689
