C          6.7070255285        0.4294816305       -0.4551935493
C          5.9583464637       -0.3035071648       -1.3671512185
C          4.5899861555       -0.4025275962       -1.2146363556
C          3.9500003263        0.2223977165       -0.1468675493
C          4.7077200328        0.9514591732        0.7677498371
C          6.0741220312        1.0563090406        0.6123518040
H          4.0146531989       -0.9547563355       -1.9404863999
H          4.2302925531        1.4241390159        1.6108506173
H          6.6602455454        1.6200361816        1.3216087434
H          6.4385513218       -0.7908134296       -2.2018967746
S          8.4608522234        0.5966136857       -0.6065395880
H          8.5794208581       -0.1309406263       -1.7127645652
N          2.5621904714        0.1228134876        0.0014570778
C          1.7939504827       -0.9302694068       -0.3799503612
C          1.7532317820        1.0853521748        0.5473940521
C          0.4837694657       -0.6554644654       -0.0748480316
C          0.4501588813        0.6473774716        0.5175301257
H          2.2084299860       -1.8215169190       -0.8056266677
H          2.1585370030        2.0345907228        0.8232951994
N         -0.6297063074       -1.4750039402       -0.3689040561
N         -0.7128666376        1.3302055957        0.8570000783
C         -0.8231584348       -2.6423372669        0.3645176293
C         -1.9732715095       -3.4290193636        0.2574001720
S         -3.3594510141       -2.9819070319       -0.7525892375
C         -2.7032348979       -1.6234421321       -1.6792941501
C         -1.4587772437       -1.0518520394       -1.4065038258
C         -3.5021672572       -1.1460261463       -2.7043146562
C         -3.0885035103       -0.0868182174       -3.4920767961
C         -1.8492010159        0.4754818080       -3.2544132387
C         -1.0485221461       -0.0046296934       -2.2347307308
H         -3.7265704786        0.2858854186       -4.2772621189
H         -4.4606048245       -1.6158837188       -2.8683392417
H         -0.0835686531        0.4481578451       -2.0719768742
H         -1.4972025685        1.2975801105       -3.8583135734
C         -2.1148187337       -4.5957697524        0.9903325977
C         -1.1296455272       -5.0065463333        1.8703366796
C          0.0021455429       -4.2262728335        2.0123275096
C          0.1514329317       -3.0695704447        1.2697757733
H         -1.2548493507       -5.9140242197        2.4390146227
H         -3.0216406927       -5.1690543226        0.8689224916
H          0.7798472132       -4.5128548073        2.7034578722
H          1.0394414247       -2.4738644582        1.4037782335
C         -1.8923100968        0.6223965699        1.1289084973
C         -3.0977207136        0.9923967799        0.5354092167
S         -3.1251808709        2.3568942912       -0.5975910227
C         -1.8810048273        3.3475477033        0.1991735862
C         -0.8108555792        2.7306899238        0.8494141114
C         -1.8905955998       -0.4288743519        2.0406065652
C         -3.0525211496       -1.1289861239        2.3047238499
C         -4.2388869049       -0.7718593750        1.6845350020
C         -4.2644254734        0.3003479869        0.8102690589
H         -3.0283829999       -1.9598740941        2.9931521849
H         -0.9633257433       -0.7033748939        2.5208568998
H         -5.1439294350       -1.3251204206        1.8797349380
H         -5.1791034144        0.5953041745        0.3190260673
C          0.0970718915        3.5335383067        1.5331701697
C         -0.0087713992        4.9122529975        1.4909460933
C         -1.0443320368        5.5135144056        0.7959944261
C         -1.9954175494        4.7275023783        0.1700917008
H          0.7152488242        5.5172140982        2.0144048894
H          0.8738290585        3.0701192129        2.1178220138
H         -2.8273017717        5.1721552526       -0.3537545759
H         -1.1262037671        6.5881559310        0.7573080372
