C          6.7321537371       -0.2650818192        0.4928725170
C          6.0878902948        0.9615820204        0.5906157580
C          4.7190872416        1.0363400503        0.4279268150
C          3.9731344625       -0.1118470578        0.1721087829
C          4.6253275299       -1.3400739799        0.0785863376
C          5.9935343777       -1.4144529917        0.2345358351
H          4.2304644055        1.9958813469        0.4872323809
H          4.0603602455       -2.2415336605       -0.0968555324
H          6.4971444271       -2.3662908218        0.1652743764
H          6.6517768461        1.8605803995        0.7871407430
S          8.4826490161       -0.4198753403        0.6893210630
H          8.7159956984        0.8690833081        0.9158574525
N          2.5845353037       -0.0325656933        0.0180265115
C          1.8264393832       -0.8437876193       -0.7844707409
C          1.7654285703        0.8450674776        0.6547306989
C          0.5056294196       -0.4821055395       -0.6689558072
C          0.4719572792        0.6008202792        0.2674301804
H          2.2931524560       -1.6059706568       -1.3687490199
H          2.1291666439        1.5579022962        1.3665901487
N         -0.6322415671       -1.0696310747       -1.2161859217
N         -0.6877226777        1.2481126021        0.7487039356
C         -1.7921872177       -0.2997646977       -1.3795957371
C         -3.0365925109       -0.7804288021       -0.9757735727
S         -3.1476289076       -2.3697101514       -0.1961862266
C         -1.8386284235       -3.1692622884       -1.0958072807
C         -0.7267650685       -2.4370871669       -1.5172423372
C         -1.9470259318       -4.5220306011       -1.3725835181
C         -0.9479052807       -5.1673550071       -2.0791786373
C          0.1333346031       -4.4419222557       -2.5488786880
C          0.2335040589       -3.0871836775       -2.2868252362
H         -1.0270043299       -6.2243745627       -2.2778801948
H         -2.8138033289       -5.0588641463       -1.0193027210
H          1.0493954912       -2.5206191792       -2.7015715916
H          0.8986818413       -4.9274345909       -3.1343583871
C         -4.1811326899       -0.0232453789       -1.1554122711
C         -4.0946723657        1.2302661175       -1.7350867262
C         -2.8664082296        1.7104685244       -2.1590070832
C         -1.7265241368        0.9458649321       -1.9971427965
H         -4.9844211231        1.8287166076       -1.8511370873
H         -5.1280551011       -0.4137235912       -0.8148589804
H         -2.7924870095        2.6864172861       -2.6136871828
H         -0.7669622700        1.3153350681       -2.3265251119
C         -1.5077190673        0.5076415324        1.5985314679
C         -2.7947174404        0.9061830696        1.9647857538
S         -3.5247110484        2.4175976716        1.4011690630
C         -2.1361670588        3.2233702115        0.6499068286
C         -0.9319846008        2.5680438495        0.3789088538
C         -1.0425432940       -0.6979616978        2.1285852767
C         -1.8289474673       -1.4841629466        2.9498317365
C         -3.1081497136       -1.0826821411        3.2838876442
C         -3.5787022243        0.1224042134        2.7943448966
H         -1.4338328463       -2.4162683492        3.3234315020
H         -0.0448767866       -1.0283223311        1.8870643129
H         -3.7344098799       -1.6918518565        3.9157556934
H         -4.5708745033        0.4701161596        3.0412042956
C          0.0424048683        3.2965212502       -0.3073382367
C         -0.1594825481        4.6109711824       -0.6855531874
C         -1.3456119542        5.2513720050       -0.3809047648
C         -2.3307994570        4.5454679362        0.2860654454
H          0.6197809484        5.1314110077       -1.2208089365
H          0.9718555828        2.8155110594       -0.5639164550
H         -3.2783427783        5.0065149324        0.5210832527
H         -1.5122893243        6.2782634483       -0.6642971585
