C          3.2648346040       -0.0767132316        0.0792132889
C          4.0345662443       -0.7250667226       -0.8907157727
C          5.4035078924       -0.7966795574       -0.7681690575
C          6.0547883028       -0.2363004131        0.3366283081
C          5.2759453883        0.3921143216        1.3162881830
C          3.9105428945        0.4809873262        1.1872281369
C          7.4873427266       -0.3242558584        0.5249503332
S          8.1857665764       -0.3854237152        2.0165986228
S          8.5487808451       -0.3854462701       -0.8670471370
N          1.8846818534        0.0021170008       -0.0484372415
C          1.0804817431        0.9397139780        0.5284761472
C         -0.2189674599        0.6947270426        0.1701181779
C         -0.2162616109       -0.4733894206       -0.6671911973
C          1.0977435705       -0.8597921742       -0.7748886089
N         -1.3482916840        1.4131925703        0.6195335822
C         -1.5597737791        2.7070111006        0.1469258531
C         -2.7135921082        3.4428411586        0.4296825437
S         -4.0841791075        2.7869175908        1.3422080900
C         -3.4296020742        1.2464153392        1.9172950127
C         -2.1789120138        0.7607026405        1.5308485954
N         -1.3418511242       -1.1207287087       -1.1458819231
C         -2.5870651927       -0.4747537072       -1.1958759346
C         -3.7225395614       -1.0938558884       -0.6777220306
S         -3.5758275969       -2.7032623725        0.0524553793
C         -2.3155022288       -3.3334950831       -1.0331127050
C         -1.3353357843       -2.4737126997       -1.5294405358
C         -4.2339483356        0.5369235743        2.7930733072
C         -3.8173570903       -0.6729873183        3.3184522736
C         -2.5674170144       -1.1518866057        2.9769609412
C         -1.7624131216       -0.4423977270        2.1049904295
C         -0.6028806788        3.3207663495       -0.6650848396
C         -0.7686279973        4.6064774435       -1.1461708020
C         -1.9016271325        5.3308816991       -0.8275778692
C         -2.8720774849        4.7360277923       -0.0417505551
C         -2.3260646411       -4.6737024835       -1.3839022164
C         -1.3621683415       -5.1694628400       -2.2434593410
C         -0.4192070431       -4.3127085635       -2.7865843991
C         -0.4152221969       -2.9718781398       -2.4460589623
C         -2.7198119533        0.7632552118       -1.8160966543
C         -3.9477076549        1.3962848434       -1.8542793677
C         -5.0631080836        0.7903821937       -1.2983234287
C         -4.9542055913       -0.4633181457       -0.7237154762
H          3.5609238397       -1.1617156525       -1.7542073399
H          5.9673491449       -1.3322699400       -1.5167194167
H          5.7684489046        0.8159743921        2.1778111293
H          3.3388084734        0.9639187595        1.9625375871
H          7.6460790972       -0.0777063890       -1.8012451952
H          1.4623386641        1.7473008642        1.1186189904
H          1.5143841435       -1.7363883773       -1.2205403820
H         -5.1978745727        0.9491961344        3.0519992782
H         -4.4592703944       -1.2230996722        3.9876855044
H         -2.2101062709       -2.0855735540        3.3829000984
H         -0.7886449267       -0.8355555253        1.8610243621
H          0.2852045177        2.7741753181       -0.9361985223
H         -0.0032427403        5.0375792370       -1.7727987995
H         -2.0393123533        6.3369173072       -1.1900806088
H         -3.7801564426        5.2635205672        0.2088987951
H         -3.0878896755       -5.3169635421       -0.9719084731
H         -1.3631091483       -6.2162151740       -2.5029801862
H          0.3108504499       -4.6863310055       -3.4874915493
H          0.2880573860       -2.2974761467       -2.9058691465
H         -1.8479317523        1.2300607346       -2.2492363947
H         -4.0314298000        2.3686083410       -2.3151233348
H         -6.0186424000        1.2903118668       -1.3153329758
H         -5.8136868771       -0.9544896627       -0.2940578443
