C          3.3104475148       -0.0338789529       -0.0421500028
C          4.0505074087       -0.2809729119        1.1193626768
C          5.4188588651       -0.1660361904        1.1110164428
C          6.1071910082        0.1994024367       -0.0550684042
C          5.3585607146        0.4427166347       -1.2148560411
C          3.9892390060        0.3288438218       -1.2104136933
C          7.5429119667        0.3204705324       -0.0412197627
S          8.4732257269        0.0890537695        1.3021688573
S          8.3085163313        0.7426601271       -1.5650721968
N          1.9274051224       -0.1397173933       -0.0319651435
C          1.1244034540        0.0509994254        1.0552669539
C         -0.1801846673       -0.1026248408        0.6726305298
C         -0.1795972552       -0.4233941648       -0.7301331448
C          1.1363700433       -0.4221744885       -1.1191920225
N         -1.3260871509        0.0973096449        1.4690605192
C         -2.0903602661        1.2289080694        1.1802833585
C         -3.3734900077        1.4380401442        1.6883961510
S         -4.1669031786        0.2926374688        2.7798207976
C         -2.8249906821       -0.7881494269        3.1932169676
C         -1.6135806239       -0.7990439580        2.4968638083
N         -1.3349433510       -0.5839165071       -1.4798671999
C         -1.4386517856       -0.2296502864       -2.8356257464
C         -2.5333934545        0.5183647011       -3.2733435078
S         -3.8133808213        0.9882940939       -2.1330474535
C         -3.7305343077       -0.4365855601       -1.0813715937
C         -2.5009478806       -1.0519662194       -0.8550341268
C         -3.0667176450       -1.6815651999        4.2239366689
C         -2.1242510383       -2.6302550622        4.5772079691
C         -0.9334553183       -2.6780319267        3.8773038348
C         -0.6836282317       -1.7752095374        2.8602681648
C         -1.5667955733        2.2208005683        0.3481143974
C         -2.2977743975        3.3427602952        0.0046849654
C         -3.5760170683        3.5207416347        0.4987061912
C         -4.1012267787        2.5673973670        1.3519210475
C         -4.8812434980       -0.9127472475       -0.4764894362
C         -4.8139661558       -2.0059025835        0.3689631689
C         -3.6000307894       -2.6372982464        0.5859948877
C         -2.4545007429       -2.1739502244       -0.0330590421
C         -0.5079055587       -0.6493105819       -3.7806806470
C         -0.6157632739       -0.2559164218       -5.1027761864
C         -1.6755050116        0.5345130018       -5.5132198445
C         -2.6482150813        0.8999311008       -4.6001919201
H          3.5509282491       -0.5836151444        2.0253027592
H          5.9838832240       -0.3654516771        2.0084910893
H          5.8622399786        0.7350563207       -2.1237038005
H          3.4379656526        0.5488152992       -2.1098940526
H          9.5535730505        0.7508318649       -1.0973597873
H          1.5105976526        0.3320243115        2.0135294722
H          1.5782323869       -0.6077667570       -2.0726777123
H         -4.0170927892       -1.6300315888        4.7334479907
H         -2.3271863112       -3.3238807418        5.3773369918
H         -0.1879034675       -3.4197389301        4.1190560275
H          0.2481927160       -1.8395803307        2.3233821615
H         -0.5676180715        2.1096954891       -0.0414314948
H         -1.8599702776        4.0759308491       -0.6548655258
H         -4.1591469620        4.3870335301        0.2305847956
H         -5.0932157561        2.6797329465        1.7633429880
H         -5.8170421661       -0.4056679706       -0.6550519729
H         -5.7078656143       -2.3601196585        0.8573994799
H         -3.5419004838       -3.4916091809        1.2425917259
H         -1.5063382748       -2.6636004300        0.1310431721
H          0.2888215922       -1.3084125912       -3.4821571466
H          0.1263676529       -0.5801059982       -5.8155474895
H         -1.7596341945        0.8475120377       -6.5417422428
H         -3.4999584246        1.4898137285       -4.9012623937
