C          3.3209176176       -0.0131312718        0.0377826846
C          3.9752836981       -0.8881338814       -0.8341682361
C          5.3459010770       -0.9937860619       -0.8166095759
C          6.1182489505       -0.2164217882        0.0547386803
C          5.4583139688        0.6551945400        0.9279438852
C          4.0848904006        0.7497772016        0.9245695113
C          7.5579748999       -0.3765402896        0.0542520415
S          8.2918000404       -1.8022560262       -0.3244880969
S          8.5851806106        0.9748950719        0.4837281257
N          1.9346633699        0.0873319649        0.0291186559
C          1.1556444794        0.4778626347        1.0918061879
C         -0.1641170825        0.4468882796        0.7171024702
C         -0.1776589103        0.0259303302       -0.6573424609
C          1.1211749939       -0.1919969340       -1.0297573028
N         -1.3193273702        0.6686018815        1.4563145582
C         -2.4611843031        1.1492744459        0.7983135561
C         -3.7168720205        0.5916137233        1.0308936524
S         -3.8713176720       -0.7913748464        2.1299285709
C         -2.5773354214       -0.3455437159        3.2640871104
C         -1.4487531173        0.3445007749        2.8165715042
N         -1.3341682448       -0.2011275584       -1.4327295450
C         -1.6195040757        0.6449470586       -2.5024372386
C         -2.8380274363        0.6176156121       -3.1855281073
S         -4.1909509835       -0.4216039350       -2.7046533685
C         -3.4021193147       -1.5210026332       -1.5630835539
C         -2.1124573491       -1.3026217176       -1.0754049108
C         -2.7163564690       -0.6920969889        4.5981456112
C         -1.7335949200       -0.3516493883        5.5100356798
C         -0.6367354943        0.3799617021        5.0889464974
C         -0.5050769196        0.7398175493        3.7595935793
C         -2.3615526673        2.2331844719       -0.0692856146
C         -3.4800673400        2.7152742599       -0.7224341888
C         -4.7208425879        2.1431748505       -0.4947233317
C         -4.8405788907        1.0885837895        0.3929735867
C         -4.1418631269       -2.6213785929       -1.1632308887
C         -3.6237851977       -3.5348171403       -0.2631525722
C         -2.3416360966       -3.3456740254        0.2161365149
C         -1.5983259174       -2.2534684791       -0.1909636695
C         -0.6769706030        1.5837875325       -2.9264207694
C         -0.9233260848        2.4365532327       -3.9866990992
C         -2.1228396149        2.3735827640       -4.6700375585
C         -3.0767562175        1.4602446588       -4.2585041772
H          3.4075046285       -1.5060560677       -1.5102748828
H          5.8463843352       -1.6775260373       -1.4847237391
H          6.0200131832        1.2325499965        1.6464313042
H          3.6037220307        1.4342741790        1.6033918358
H          7.6492369604        1.9270096247        0.4774757512
H          1.6002884683        0.6547238408        2.0460946413
H          1.4999244368       -0.4884071544       -1.9863856722
H         -3.5952343690       -1.2373203292        4.9057551276
H         -1.8375832028       -0.6387358661        6.5443183578
H          0.1165614181        0.6840773711        5.7988585577
H          0.3234404783        1.3537432001        3.4529693143
H         -1.3928320895        2.6774392930       -0.2415331434
H         -3.3799070729        3.5379620298       -1.4134044048
H         -5.5946831536        2.5119917853       -1.0081057541
H         -5.7976372594        0.6255270210        0.5788970553
H         -5.1380378663       -2.7423336501       -1.5621154564
H         -4.2161827847       -4.3782691990        0.0533664343
H         -1.9101480827       -4.0467663884        0.9138251896
H         -0.5970759609       -2.1329100822        0.1905112945
H          0.2627987463        1.6581522479       -2.4050029672
H         -0.1678578032        3.1508826679       -4.2754064080
H         -2.3237516119        3.0282973977       -5.5028359969
H         -4.0333476344        1.3980896748       -4.7551275393
