C          3.3202937031       -0.0226942731        0.0192500323
C          4.0864476591        0.7120326805        0.9301385000
C          5.4564120850        0.6015771895        0.9401044379
C          6.1185000883       -0.2451196800        0.0410566948
C          5.3436671575       -0.9730584837       -0.8731658781
C          3.9744287433       -0.8660056916       -0.8852576547
C          7.5541012575       -0.3780921088        0.0418528030
S          8.3910367083       -1.3173611201       -1.0256763132
S          8.4234178514        0.5268254410        1.2704289993
N          1.9359805330        0.0795312464        0.0151321570
C          1.1593598662        0.4490121275        1.0875217643
C         -0.1610675100        0.4289156369        0.7150969558
C         -0.1781330094        0.0360473213       -0.6689215945
C          1.1190239144       -0.1763268164       -1.0481361417
N         -1.3142804001        0.6372694480        1.4594508814
C         -2.4561183346        1.1340196754        0.8128582924
C         -3.7132035642        0.5775493460        1.0405254875
S         -3.8696277505       -0.8195176150        2.1206037571
C         -2.5714080631       -0.3937498297        3.2572337456
C         -1.4410479503        0.2978221660        2.8165000386
N         -1.3364510691       -0.1752109037       -1.4452537830
C         -1.6216064337        0.6872150952       -2.5021185396
C         -2.8421228645        0.6734896475       -3.1820855736
S         -4.1973349654       -0.3674852224       -2.7126550369
C         -3.4111750455       -1.4838474215       -1.5860496188
C         -2.1187469388       -1.2783057473       -1.1003685073
C         -2.7091492886       -0.7569072060        4.5870636778
C         -1.7235438885       -0.4314384254        5.5012552429
C         -0.6247980425        0.3015674482        5.0874015470
C         -0.4940848880        0.6777592613        3.7624505662
C         -2.3545251879        2.2312249541       -0.0375751573
C         -3.4728983343        2.7272857300       -0.6804314326
C         -4.7150698377        2.1555283646       -0.4591055033
C         -4.8366380819        1.0880335684        0.4126837051
C         -4.1553220638       -2.5851598315       -1.1967754038
C         -3.6384982178       -3.5125456135       -0.3104162464
C         -2.3528845269       -3.3370943370        0.1648667668
C         -1.6053957900       -2.2437721154       -0.2314848429
C         -0.6776022852        1.6296529790       -2.9145815513
C         -0.9242199485        2.4984107997       -3.9617672989
C         -2.1255744515        2.4486145837       -4.6430120406
C         -3.0811242212        1.5323201401       -4.2421657443
H          3.6075557704        1.3903419258        1.6167139251
H          6.0292324964        1.1841720018        1.6455060990
H          5.8399082060       -1.6342809610       -1.5667035372
H          3.4055247468       -1.4585133225       -1.5828878236
H          9.6379250918        0.1251562612        0.9061106081
H          1.6067757246        0.6057965810        2.0439888057
H          1.4949783789       -0.4535851868       -2.0115351145
H         -3.5895832538       -1.3025190778        4.8893356020
H         -1.8267031735       -0.7309208612        6.5320711056
H          0.1309699023        0.5941004524        5.7995107311
H          0.3362059092        1.2925077084        3.4622771601
H         -1.3846774547        2.6750707436       -0.2047646141
H         -3.3713726905        3.5605015741       -1.3584412809
H         -5.5885960917        2.5351823274       -0.9649921723
H         -5.7948748797        0.6257124871        0.5939367172
H         -5.1537002954       -2.6956126367       -1.5930220331
H         -4.2343135033       -4.3563498567       -0.0015023908
H         -1.9219464111       -4.0496219663        0.8511459524
H         -0.6014414888       -2.1341365705        0.1461404280
H          0.2636288607        1.6945307643       -2.3944531017
H         -0.1673905196        3.2148392535       -4.2416506396
H         -2.3264906617        3.1158961601       -5.4657515666
H         -4.0391829500        1.4802538133       -4.7370586197
