C          3.3338668786        0.0088445467        0.0600574566
C          4.0215786031       -0.3380966363        1.2276867526
C          5.3907399632       -0.4468814862        1.2223003560
C          6.1303343382       -0.2154142705        0.0536994494
C          5.4335637043        0.1332899168       -1.1112878013
C          4.0637049724        0.2442440846       -1.1095157652
C          7.5664361560       -0.3409650245        0.0688543649
S          8.4436339925       -0.6997021565        1.4193874763
S          8.3906106585       -0.0938043355       -1.4624520959
N          1.9494420090        0.1108314016        0.0583329149
C          1.1681687893        0.4140449867        1.1459370472
C         -0.1509098516        0.3958303538        0.7702699461
C         -0.1623433682        0.0529681989       -0.6272515355
C          1.1384902991       -0.1051068561       -1.0187261010
N         -1.3160929758        0.5730967894        1.5101176964
C         -2.4149158503        1.1660370045        0.8714047720
C         -3.7067204110        0.6651275338        1.0213311361
S         -3.9845125953       -0.7945920391        1.9870403949
C         -2.6726742880       -0.5775883994        3.1640431755
C         -1.4923318467        0.0823241697        2.8134453305
N         -1.3195124834       -0.1355903388       -1.4089252633
C         -1.6081302650        0.7647922544       -2.4339699387
C         -2.8364723707        0.7846072529       -3.0993319692
S         -4.1960641704       -0.2600110492       -2.6513340367
C         -3.4098037599       -1.4179314521       -1.5680801687
C         -2.1113228922       -1.2387575890       -1.0882524025
C         -2.8522968465       -1.0862478973        4.4402819909
C         -1.8595517494       -0.9459810474        5.3929435271
C         -0.7052161734       -0.2532800406        5.0731467267
C         -0.5323911514        0.2691232155        3.8037722213
C         -2.2293628091        2.3057625521        0.0929923404
C         -3.2968212842        2.8998946758       -0.5532816083
C         -4.5741523282        2.3853092268       -0.4064198929
C         -4.7794079652        1.2746087277        0.3924561785
C         -4.1602446325       -2.5240299653       -1.2049409292
C         -3.6444455966       -3.4805819759       -0.3496697006
C         -2.3534208843       -3.3302376477        0.1200704058
C         -1.5988952582       -2.2335140185       -0.2523726134
C         -0.6609024258        1.7122070255       -2.8268768221
C         -0.9120317003        2.6183709724       -3.8406446929
C         -2.1220010527        2.6025621410       -4.5080200602
C         -3.0805350069        1.6813990392       -4.1264922914
H          3.4779025677       -0.5499890288        2.1338683364
H          5.9146036419       -0.7253753573        2.1236479025
H          5.9791715223        0.3271233188       -2.0222447787
H          3.5553079706        0.5344634783       -2.0144932333
H          9.6188501403       -0.2934681050       -0.9925645750
H          1.6254469934        0.6463018018        2.0820978901
H          1.5191512194       -0.4047452479       -1.9734986470
H         -3.7726993939       -1.6011180911        4.6688221912
H         -1.9977475441       -1.3588210063        6.3795235540
H          0.0630093486       -0.1060808395        5.8163199400
H          0.3480115317        0.8461666555        3.5855082176
H         -1.2327645676        2.7063149832       -0.0159049664
H         -3.1278265159        3.7650857762       -1.1753386824
H         -5.4092759269        2.8410279539       -0.9143052999
H         -5.7654349142        0.8526312396        0.5135784045
H         -5.1630608723       -2.6141588577       -1.5949927982
H         -4.2454260323       -4.3274901690       -0.0598462066
H         -1.9235597948       -4.0659664050        0.7821769374
H         -0.5896548586       -2.1439842410        0.1167267354
H          0.2862971752        1.7525639893       -2.3156635867
H         -0.1523146257        3.3374580471       -4.1053062854
H         -2.3270156831        3.2992288924       -5.3049550781
H         -4.0450009879        1.6542891082       -4.6107942225
