-0.803904 0.771801 -0.093557 0.321752 0.000000
-0.723514 0.729527 -0.010717 0.281188 0.000000
-0.643123 0.691325 0.011649 0.297026 0.000000
-0.562733 0.623311 0.061672 0.315017 0.000000
-0.482342 0.623584 0.047203 0.329214 0.000000
-0.401952 0.575944 0.068665 0.355387 0.000000
-0.321562 0.553688 0.077817 0.368489 0.000000
-0.241171 0.555515 0.094885 0.349602 0.000000
-0.160781 0.518616 0.149705 0.331676 0.000000
-0.080390 0.498897 0.136081 0.365020 0.000000
-0.040195 0.435015 0.160469 0.404515 0.000000
-0.020098 0.429189 0.154992 0.415818 0.000000
-0.010049 0.419564 0.170145 0.410291 0.000000
-0.005025 0.395866 0.191053 0.413086 0.000000
0.000000 0.367218 0.206934 0.425850 0.000000
0.005025 0.351247 0.216073 0.432681 0.000000
0.010049 0.333976 0.225596 0.440427 0.000000
0.020098 0.191758 0.379473 0.428767 0.000000
0.040195 0.162109 0.416496 0.421395 0.000000
0.080390 0.139988 0.443248 0.416768 0.000000
0.160781 0.090040 0.524496 0.385465 0.000000
0.241171 0.084538 0.553609 0.361855 0.000000
0.321562 0.052435 0.594759 0.352806 0.000000
0.401952 0.035097 0.627908 0.336993 0.000000
0.482342 0.046742 0.630617 0.322641 0.000000
0.562733 0.036968 0.651317 0.311716 0.000000
0.643123 0.013809 0.702513 0.283678 0.000000
0.723514 -0.003935 0.729569 0.274366 0.000000
0.803904 -0.011005 0.736795 0.274211 0.000000

