-0.803904 0.912304 0.039278 0.048415 0.000000
-0.723514 0.914312 0.053200 0.032489 0.000000
-0.643123 0.877574 0.065024 0.057402 0.000000
-0.562733 0.811785 0.113360 0.074861 0.000000
-0.482342 0.805430 0.133629 0.060939 0.000000
-0.401952 0.797105 0.152371 0.050523 0.000000
-0.321562 0.796133 0.142335 0.061530 0.000000
-0.241171 0.731242 0.190911 0.077844 0.000000
-0.160781 0.702245 0.207110 0.090645 0.000000
-0.080390 0.664300 0.236278 0.099421 0.000000
-0.040195 0.643815 0.245589 0.110596 0.000000
-0.020098 0.642066 0.250580 0.107352 0.000000
-0.010049 0.635722 0.259465 0.104812 0.000000
-0.005025 0.629394 0.262964 0.107642 0.000000
0.000000 0.630503 0.264315 0.105189 0.000000
0.005025 0.623732 0.273011 0.103260 0.000000
0.010049 0.615421 0.279466 0.105112 0.000000
0.020098 0.595807 0.288612 0.115578 0.000000
0.040195 0.583176 0.315332 0.101491 0.000000
0.080390 0.256609 0.682203 0.061188 0.000000
0.160781 0.211467 0.704909 0.083622 0.000000
0.241171 0.187937 0.756698 0.055366 0.000000
0.321562 0.176310 0.776257 0.047432 0.000000
0.401952 0.162968 0.791302 0.045733 0.000000
0.482342 0.154250 0.818553 0.027198 0.000000
0.562733 0.121161 0.853084 0.025753 0.000000
0.643123 0.088467 0.882168 0.029364 0.000000
0.723514 0.063685 0.891374 0.044944 0.000000
0.803904 0.009055 0.936706 0.054238 0.000000

