C          3.2831270813       -0.0237095482        0.0128040012
C          3.9429074358       -0.8769838637       -0.8788260988
C          5.3105973720       -0.9955610923       -0.8477241605
C          6.0798194762       -0.2698417175        0.0733621126
C          5.4125801207        0.5877991382        0.9585320587
C          4.0441957800        0.7096200735        0.9297541986
C          7.5130605547       -0.4165614771        0.0955743936
S          8.3567008082       -1.3735417325       -0.9513582548
S          8.3743243143        0.4903219196        1.3290766366
N          1.9010080782        0.0888194652       -0.0079290783
C          1.1159337686        0.4904474917        1.0471779011
C         -0.2019422010        0.4760005785        0.6614939880
C         -0.2096009289        0.0447715284       -0.7108925610
C          1.0908561524       -0.1866106895       -1.0707827426
N         -1.3352747528        0.7024747473        1.4223993678
C         -2.5610157498        1.0026696894        0.8074446898
C         -3.7236632308        0.3353411732        1.1867571586
S         -3.6366371775       -0.9120365787        2.4439671041
C         -2.3702253521       -0.1526508246        3.4351518356
C         -1.3579032242        0.5880683202        2.8235499433
N         -1.3496855429       -0.1901034097       -1.5087017969
C         -1.6059491971        0.6452543061       -2.5942620569
C         -2.7872412798        0.5842365074       -3.3382259953
S         -4.1353090433       -0.4907986459       -2.9292732509
C         -3.4048527901       -1.5258161223       -1.6933470161
C         -2.1402245552       -1.2840385333       -1.1536387365
C         -2.4102558097       -0.2964177055        4.8124608001
C         -1.4442621710        0.3062263678        5.5981219274
C         -0.4694128914        1.0913732606        5.0057914339
C         -0.4360463447        1.2457369047        3.6313479743
C         -2.6451663916        2.0104354211       -0.1478709183
C         -3.8532172366        2.2990638106       -0.7537459131
C         -4.9973333985        1.6042469361       -0.3950414591
C         -4.9358925548        0.6320342878        0.5872968916
C         -4.1643491981       -2.6079530584       -1.2812527181
C         -3.6889792798       -3.4849072287       -0.3230250213
C         -2.4268376897       -3.2798784041        0.2000333125
C         -1.6654823780       -2.2030554442       -0.2153223335
C         -0.6703586367        1.6112163441       -2.9718102662
C         -0.8839808442        2.4534924745       -4.0474042435
C         -2.0440497317        2.3551979501       -4.7921811989
C         -2.9929634817        1.4181492121       -4.4253067296
H          3.3790842748       -1.4683519828       -1.5814631233
H          5.8104149259       -1.6644727505       -1.5312979493
H          5.9809592909        1.1691846046        1.6685459509
H          3.5619667966        1.3947137170        1.6070442200
H          9.5895170007        0.0726405650        0.9858751816
H          1.5439737135        0.6521988911        2.0119697536
H          1.4702344785       -0.4877923215       -2.0255635429
H         -3.1973198668       -0.8874774463        5.2541145463
H         -1.4684819441        0.1797950072        6.6688187900
H          0.2632052200        1.5964257785        5.6157206529
H          0.2917382908        1.8979505461        3.1785735058
H         -1.7505891494        2.5487078997       -0.4230056659
H         -3.8986924963        3.0651455336       -1.5124436595
H         -5.9380080668        1.8196780017       -0.8765519859
H         -5.8175494839        0.0849111168        0.8837151887
H         -5.1408326420       -2.7459093107       -1.7211243075
H         -4.2965170641       -4.3145049661        0.0011681011
H         -2.0256499569       -3.9548100808        0.9401039866
H         -0.6807088241       -2.0706643599        0.2030217998
H          0.2383845762        1.7145860360       -2.4021576426
H         -0.1343307241        3.1878230252       -4.2987283765
H         -2.2187144611        3.0011081826       -5.6376173058
H         -3.9207117085        1.3284824293       -4.9701063082
