C          3.2691426077       -0.0300356445        0.0165163376
C          4.0263672424        0.6723440676        0.9606691698
C          5.3947080184        0.5511680905        0.9900738292
C          6.0662771651       -0.2748481412        0.0784092980
C          5.3009145216       -0.9705961827       -0.8687391307
C          3.9332493088       -0.8527592104       -0.9004462411
C          7.4996037530       -0.4188012954        0.0992375613
S          8.3484398053       -1.3374547300       -0.9775709447
S          8.3558271440        0.4485477811        1.3644529298
N          1.8874358698        0.0833953623       -0.0064778253
C          1.0980979139        0.4592537004        1.0548043124
C         -0.2184679681        0.4588378453        0.6630923627
C         -0.2210681183        0.0625784119       -0.7197249324
C          1.0809588740       -0.1626708131       -1.0790844868
N         -1.3456079858        0.6676782881        1.4366899992
C         -2.5941956946        0.9217471131        0.8472355297
C         -3.7220598625        0.2130985380        1.2554931840
S         -3.5611020246       -1.0174479990        2.5218566261
C         -2.3080594120       -0.1971212079        3.4810398029
C         -1.3366728243        0.5722396226        2.8399347689
N         -1.3526407980       -0.1466115507       -1.5369162126
C         -1.5906863655        0.7205732593       -2.6017337304
C         -2.7529812525        0.6745250289       -3.3761285783
S         -4.1020174233       -0.4235889817       -3.0376238428
C         -3.4105683595       -1.4681476362       -1.7875746342
C         -2.1572279244       -1.2407200280       -1.2160567845
C         -2.3162371370       -0.3217832046        4.8608324686
C         -1.3593467362        0.3297731122        5.6180631784
C         -0.4263164501        1.1423590811        4.9956813408
C         -0.4245214040        1.2766059013        3.6187797844
C         -2.7375785522        1.9231775514       -0.1075042888
C         -3.9685801516        2.1617109674       -0.6885131733
C         -5.0763728876        1.4224766377       -0.3052911645
C         -4.9569169913        0.4580618360        0.6792508362
C         -4.1880760284       -2.5472876674       -1.4021819387
C         -3.7411434462       -3.4378037928       -0.4427462588
C         -2.4878625734       -3.2503356567        0.1073347767
C         -1.7093727696       -2.1752225172       -0.2797987827
C         -0.6547017183        1.7056648430       -2.9257191413
C         -0.8478015340        2.5783891195       -3.9807440739
C         -1.9879887745        2.4942968905       -4.7572444528
C         -2.9384515954        1.5402620942       -4.4419192877
H          3.5411279140        1.3332013976        1.6594974311
H          5.9598653066        1.1086998437        1.7214791658
H          5.8038881745       -1.6155796606       -1.5727060112
H          3.3728258171       -1.4211059265       -1.6244434299
H          9.5728842981        0.0463458431        1.0095884348
H          1.5187346791        0.5944410212        2.0270385955
H          1.4627450990       -0.4387289560       -2.0404412680
H         -3.0710437024       -0.9358495287        5.3266635915
H         -1.3582977748        0.2191507035        6.6907888456
H          0.2978113411        1.6838217189        5.5841200443
H          0.2705927700        1.9464931828        3.1404258508
H         -1.8714136251        2.4970337697       -0.4011136654
H         -4.0605525379        2.9238473036       -1.4470682892
H         -6.0342083635        1.5987362106       -0.7685934710
H         -5.8103442790       -0.1209644427        0.9967840300
H         -5.1553492966       -2.6732415108       -1.8653855157
H         -4.3624655161       -4.2653017000       -0.1399968741
H         -2.1071851531       -3.9374163451        0.8470243304
H         -0.7320469250       -2.0568870235        0.1596723255
H          0.2384978086        1.7990820589       -2.3303191843
H         -0.0978766913        3.3253055277       -4.1907076132
H         -2.1464081253        3.1636985011       -5.5874509391
H         -3.8517106003        1.4604133784       -5.0121753858
