C          3.3246634772        0.0118348476       -0.1131373866
C          4.0553537968       -1.1780578104       -0.0286325695
C          5.4260045341       -1.1487331988        0.0531479457
C          6.1245831530        0.0672882763        0.0543498191
C          5.3848799469        1.2545032564       -0.0338631794
C          4.0133560958        1.2292046079       -0.1164277174
C          7.5628027824        0.0766108528        0.1494565548
S          8.4840943791       -1.2848733489        0.2928000138
S          8.3403108267        1.6512054390        0.1096359944
N          1.9389111691       -0.0160441840       -0.1831967547
C          1.1467977494        0.9439178275       -0.7638820646
C         -0.1702182609        0.5904445480       -0.6135615142
C         -0.1688222761       -0.6509249998        0.1142840751
C          1.1369679011       -0.9855467559        0.3465446489
N         -1.3367256893        1.2571595014       -0.9673240732
C         -1.4777042412        2.6540715707       -0.9353904385
C         -2.6107811279        3.2285135340       -0.3548651412
S         -3.8992760118        2.2095577614        0.3222067405
C         -3.7300050528        0.8317864219       -0.7800736989
C         -2.4729391440        0.4958495024       -1.2791116158
N         -1.3175663018       -1.3352756446        0.5597649941
C         -2.0632991647       -0.7072178538        1.5583301826
C         -3.3512849709       -1.1058731817        1.9194820584
S         -4.1789461044       -2.4690535508        1.1514985291
C         -2.8567458152       -3.2138726429        0.2366100412
C         -1.6327654683       -2.5781559329        0.0129617949
C         -4.8458003278        0.0814886942       -1.1105799628
C         -4.7171585229       -1.0225553874       -1.9344875215
C         -3.4750601957       -1.3583869159       -2.4472517436
C         -2.3649358298       -0.5962625340       -2.1357590082
C         -0.5379562651        3.5018936832       -1.5137941218
C         -0.6789293938        4.8762256712       -1.4388533498
C         -1.7815876771        5.4331905922       -0.8149011967
C         -2.7591792406        4.6046907451       -0.2942732048
C         -3.1273895414       -4.4586425629       -0.3074469889
C         -2.2016513219       -5.0987832457       -1.1113818608
C         -0.9979321063       -4.4709863468       -1.3698658343
C         -0.7194131070       -3.2365251756       -0.8126509826
C         -1.5138024232        0.3732570923        2.2521050989
C         -2.2239226941        1.0481995420        3.2273201748
C         -3.5059287064        0.6512897031        3.5572545371
C         -4.0572966142       -0.4367372190        2.9055307308
H          3.5462395908       -2.1280315652       -0.0470843760
H          5.9843091692       -2.0703684722        0.1108495828
H          5.8970792885        2.2046092144       -0.0255131067
H          3.4685106054        2.1582571172       -0.1550447426
H          9.5840162528        1.1951944014        0.2292881273
H          1.5933418602        1.7816624893       -1.2516165345
H          1.5279122082       -1.8177010146        0.8953183538
H         -5.8035608762        0.3552685820       -0.6950584751
H         -5.5845955727       -1.6187359558       -2.1695792769
H         -3.3670372180       -2.2184052575       -3.0898709260
H         -1.3954267956       -0.8523556389       -2.5358966235
H          0.2963735775        3.0819933047       -2.0470490722
H          0.0720586522        5.5116622117       -1.8818968372
H         -1.8935346629        6.5038001275       -0.7502043729
H         -3.6419135378        5.0123344622        0.1736188040
H         -4.0867624716       -4.9091995097       -0.1022738089
H         -2.4272221861       -6.0646888798       -1.5340736517
H         -0.2644406654       -4.9391838909       -2.0079938368
H          0.2220951466       -2.7637986332       -1.0375085886
H         -0.5107266515        0.6938126373        2.0204466970
H         -1.7666133620        1.8885501858        3.7263331338
H         -4.0725030810        1.1747731639        4.3104966717
H         -5.0537244420       -0.7775875808        3.1439661931
