C          3.4002049253       -0.0014101846        0.0029166692
C          4.1052138917       -0.9273523731       -0.7694513131
C          5.4809801321       -0.9330006871       -0.7660622306
C          6.2022680372       -0.0167110210        0.0092644208
C          5.4860783741        0.9080061702        0.7805744577
C          4.1112332476        0.9179274667        0.7781132893
C          7.6473958416       -0.0103833968        0.0273155447
S          8.5466027826        1.0068632438        0.9618136875
S          8.4464152691       -1.1678521671       -1.0212249982
N          2.0067060918        0.0042355722        0.0013016515
C          1.2128339726        0.4241488895        1.0349932241
C         -0.0961315730        0.2657716214        0.6704203363
C         -0.0977971732       -0.2463686098       -0.6668947539
C          1.2101862023       -0.4113459035       -1.0321856728
N         -1.2816350465        0.5240010356        1.3865497144
C         -2.1464426984        1.4457299898        0.7915118781
C         -3.5279172173        1.4539481918        0.9843769152
S         -4.3512299330        0.2953150225        2.0398674978
C         -2.9802811573       -0.5086819948        2.8254611129
C         -1.6558155365       -0.3444882841        2.4149464535
N         -1.2853109138       -0.4995959719       -1.3815789136
C         -1.6578305921        0.3716347381       -2.4082317313
C         -2.9824256966        0.5426753398       -2.8155374440
S         -4.3554615589       -0.2565097909       -2.0283789263
C         -3.5351515287       -1.4192108769       -0.9749881394
C         -2.1532916769       -1.4172839111       -0.7847779769
C         -3.3046106717       -1.3695948723        3.8614942096
C         -2.3267624476       -2.1034740072        4.5071762258
C         -1.0125895028       -1.9654207684        4.1022834270
C         -0.6855607445       -1.0963755823        3.0779829783
C         -1.6084793407        2.4292757636       -0.0414832344
C         -2.4114282333        3.3410882998       -0.6998849711
C         -3.7823681329        3.3129090966       -0.5241875912
C         -4.3308460202        2.3772159834        0.3339445997
C         -4.3409876479       -2.3390361478       -0.3232656869
C         -3.7951218574       -3.2773283695        0.5336899526
C         -2.4240125807       -3.3115754276        0.7069441314
C         -1.6182077570       -2.4033128747        0.0471351055
C         -0.6855291830        1.1196236076       -3.0726344200
C         -1.0108793769        1.9918441616       -4.0948081789
C         -2.3253515781        2.1370978991       -4.4961390962
C         -3.3051872461        1.4068594544       -3.8492757723
H          3.5743652581       -1.6594815944       -1.3555741394
H          6.0081264283       -1.6622457098       -1.3620072833
H          6.0305213048        1.6252534433        1.3749704941
H          3.5861692946        1.6561874414        1.3619041707
H          9.6878723551       -0.8242067711       -0.6888645699
H          1.6240784067        0.7752715169        1.9589425554
H          1.6190411405       -0.7642224652       -1.9564824525
H         -4.3431634056       -1.4657790349        4.1405483381
H         -2.5944251183       -2.7752422791        5.3069454083
H         -0.2310623025       -2.5333402713        4.5827427687
H          0.3436515307       -1.0116235869        2.7732220336
H         -0.5394174747        2.4693159704       -0.1791206510
H         -1.9588202312        4.0698533321       -1.3539198321
H         -4.4214288648        4.0103000865       -1.0416975164
H         -5.3973402752        2.3348749174        0.4971952368
H         -5.4075882625       -2.2918969242       -0.4844976512
H         -4.4363332846       -3.9720377412        1.0521499479
H         -1.9735112982       -4.0423957164        1.3601290052
H         -0.5491526344       -2.4479875906        0.1830861589
H          0.3439784048        1.0296290095       -2.7703721719
H         -0.2277523243        2.5564799098       -4.5765259605
H         -2.5917258583        2.8112646596       -5.2943317184
H         -4.3438965085        1.5082536036       -4.1258943689
