C          3.4027218643       -0.0187297580       -0.0004254223
C          4.1071017368        0.0835843480       -1.2008361068
C          5.4846438948        0.0953157809       -1.2037706316
C          6.2016207263       -0.0141927098       -0.0079650727
C          5.4887801521       -0.1437686581        1.1885387722
C          4.1126700461       -0.1337125025        1.1961301514
C          7.6522240050       -0.0452490042        0.0272921459
S          8.4879763977       -0.9204828388        1.1430666593
S          8.5661782198        0.8612973218       -1.1569376057
N          2.0078857610       -0.0131739306        0.0015624106
C          1.2156660347        0.6145253796       -0.9215401602
C         -0.0937687234        0.4074202857       -0.5829204626
C         -0.0965633557       -0.4144645010        0.5886399661
C          1.2114087393       -0.6333925777        0.9257463365
N         -1.2788225286        0.8633497700       -1.1946681121
C         -1.6520702702        2.1998073757       -1.0323799386
C         -2.9763358741        2.6343952979       -1.1152566660
S         -4.3494407787        1.5377172389       -1.3517899149
C         -3.5286530915        0.0169857698       -1.7376845207
C         -2.1469799534       -0.1409659141       -1.6293063137
N         -1.2852110442       -0.8599515708        1.2013722028
C         -2.1427418055        0.1516743962        1.6399484317
C         -3.5253312943        0.0056769498        1.7534321685
S         -4.3607075767       -1.5080972700        1.3708755052
C         -2.9983315738       -2.6159918451        1.1253236027
C         -1.6705247706       -2.1927352057        1.0388379856
C         -4.3343386044       -1.0343190968       -2.1447262662
C         -3.7885717644       -2.2673441766       -2.4523209942
C         -2.4176961095       -2.4313359322       -2.3829596400
C         -1.6120546111       -1.3797786935       -1.9896189438
C         -0.6792853163        3.1658824313       -0.7740295746
C         -1.0039556341        4.4995593604       -0.6091795579
C         -2.3182718357        4.9149565159       -0.7093188107
C         -3.2984123600        3.9733707204       -0.9633303567
C         -3.3330027699       -3.9514528834        0.9706423614
C         -2.3622156130       -4.9010913336        0.7105798047
C         -1.0445711412       -4.4972436048        0.6076433679
C         -0.7073691247       -3.1669552648        0.7749225912
C         -1.5959339693        1.3859180757        1.9981764245
C         -2.3910718966        2.4443188577        2.3945375597
C         -3.7630425283        2.2921577383        2.4689182002
C         -4.3204753639        1.0638512863        2.1633851405
H          3.5756326543        0.1288610416       -2.1372893653
H          6.0062322853        0.1327744200       -2.1479460799
H          6.0371303412       -0.2291233362        2.1138344168
H          3.5876787756       -0.1964816000        2.1351752171
H          7.5507961054        1.5530186175       -1.6800961431
H          1.6280021910        1.1829295387       -1.7295905012
H          1.6197118557       -1.2055842962        1.7333189534
H         -5.4008931261       -0.8736564785       -2.1959417419
H         -4.4298616841       -3.0831154687       -2.7454708093
H         -1.9674522342       -3.3800551524       -2.6297959395
H         -0.5432201599       -1.5184606070       -1.9491196734
H          0.3498736316        2.8628868126       -0.6826997226
H         -0.2208362548        5.2125406161       -0.4030188556
H         -2.5844782757        5.9525512777       -0.5861642749
H         -4.3369660575        4.2606475450       -1.0316579061
H         -4.3738065286       -4.2298006124        1.0417535876
H         -2.6380526138       -5.9358577325        0.5849380775
H         -0.2682565675       -5.2164561328        0.3971066286
H          0.3245498488       -2.8736619588        0.6820409514
H         -0.5260125134        1.5149936729        1.9545434009
H         -1.9317640671        3.3889907077        2.6401313726
H         -4.3961962800        3.1133223683        2.7645987651
H         -5.3881207666        0.9121377556        2.2186647249
