-0.802818 0.704336 -0.036724 0.332388 0.000000
-0.722536 0.702200 -0.005224 0.303023 0.000000
-0.642254 0.674943 0.025485 0.299571 0.000000
-0.561973 0.691216 0.029597 0.279187 0.000000
-0.481691 0.668301 0.019113 0.312588 0.000000
-0.401409 0.605862 0.079026 0.315112 0.000000
-0.321127 0.590132 0.057792 0.352077 0.000000
-0.240845 0.524039 0.094693 0.381270 0.000000
-0.160564 0.493649 0.108833 0.397521 0.000000
-0.080282 0.468971 0.130879 0.400151 0.000000
-0.040141 0.416426 0.194156 0.389418 0.000000
-0.020070 0.381815 0.218818 0.399363 0.000000
-0.010035 0.367880 0.220324 0.411793 0.000000
-0.005018 0.354208 0.215064 0.430725 0.000000
0.000000 0.353714 0.215946 0.430343 0.000000
0.005018 0.335309 0.240710 0.423981 0.000000
0.010035 0.328200 0.262391 0.409406 0.000000
0.020070 0.153656 0.403481 0.442861 0.000000
0.040141 0.161891 0.416138 0.421970 0.000000
0.080282 0.125097 0.465196 0.409710 0.000000
0.160564 0.106398 0.516896 0.376703 0.000000
0.240845 0.090012 0.587987 0.321997 0.000000
0.321127 0.085238 0.595688 0.319072 0.000000
0.401409 0.073805 0.629055 0.297144 0.000000
0.481691 0.037785 0.645701 0.316513 0.000000
0.561973 0.026497 0.678208 0.295297 0.000000
0.642254 0.027115 0.694410 0.278472 0.000000
0.802818 0.016855 0.726878 0.256266 0.000000

