C          3.0911369188        0.0302193119        0.0180928871
C          3.8094842827       -0.7316760718       -0.9075106918
C          5.1847981802       -0.7224014987       -0.9008101143
C          5.8951502741        0.0481408966        0.0284133164
C          5.1666721587        0.8102122950        0.9516105118
C          3.7922124898        0.8023629512        0.9486870152
C          7.3391807902        0.0692734120        0.0500249626
S          8.2268460578        0.9805255336        1.0984856343
S          8.1532039544       -0.9507266178       -1.1227939005
N          1.6999278916        0.0199100881        0.0130967504
C          0.9117063529       -1.0016135139       -0.4440423970
C         -0.4025939046       -0.6500260431       -0.2859439708
C         -0.4142215498        0.6586612315        0.2969374681
C          0.8935633521        1.0295909661        0.4644761558
N         -1.5304131933       -1.4045481508       -0.6009943851
C         -1.8258088886       -2.6557822420       -0.0959945078
C         -3.1600156981       -2.9887118630       -0.4230711104
C         -3.6917576568       -1.8730455388       -1.1549212232
C         -2.6520757625       -0.9203496932       -1.2439614377
N         -1.5550879077        1.3969053781        0.6036533239
C         -2.6734836018        0.8971479925        1.2401954780
C         -3.7264412345        1.8344076961        1.1434252500
C         -3.2066193324        2.9566120520        0.4130419546
C         -1.8655806754        2.6428579370        0.0949344301
C         -3.6883466288       -4.2062601420       -0.0149183999
C         -2.8882408640       -5.0650823373        0.7128297094
C         -1.5790934758       -4.7203976358        1.0422885133
C         -1.0302395460       -3.5155097040        0.6462094364
C         -2.8223911428        0.2667489516       -1.9405390899
C         -4.0630826710        0.5163997369       -2.4932905824
C         -5.1058679252       -0.4002934614       -2.3804254486
C         -4.9278435295       -1.6032203455       -1.7262509146
C         -4.9620159187        1.5467662543        1.7071579338
C         -5.1263964907        0.3419542690        2.3614010357
C         -4.0710146061       -0.5592849363        2.4817564847
C         -2.8306984123       -0.2918868947        1.9365722120
C         -1.0780798974        3.5125753714       -0.6442373490
C         -1.6421318060        4.7083154625       -1.0465492644
C         -2.9582377316        5.0343185670       -0.7258928775
C         -3.7501102620        4.1654736525       -0.0010203828
H          3.2881515107       -1.3144435898       -1.6489744875
H          5.7210634987       -1.3109261267       -1.6295489157
H          5.7020191915        1.4020800974        1.6778353660
H          3.2584404124        1.3792040803        1.6860528433
H          9.3899243502       -0.6245992784       -0.7566672539
H          1.3210078932       -1.9176139928       -0.8160569125
H          1.2866476177        1.9512513411        0.8401545327
H         -4.7060975220       -4.4699614367       -0.2603433666
H         -3.2807851253       -6.0169525698        1.0383892968
H         -0.9816388466       -5.4093696050        1.6207402375
H         -0.0195593592       -3.2494642619        0.9154759272
H         -2.0163948978        0.9754579597       -2.0537002284
H         -4.2256950436        1.4414306235       -3.0264333142
H         -6.0628770809       -0.1674774817       -2.8232283014
H         -5.7308312692       -2.3217219157       -1.6581679589
H         -5.7751991808        2.2531131156        1.6330455235
H         -6.0826993029        0.0954158112        2.7982402886
H         -4.2234294825       -1.4860716357        3.0148277789
H         -2.0149389313       -0.9884103476        2.0553804595
H         -0.0618454530        3.2607661473       -0.9063330286
H         -1.0513970907        5.4046067930       -1.6231578287
H         -3.3627231064        5.9795809228       -1.0560838278
H         -4.7730068885        4.4150118475        0.2377479929
