C          2.6249782062        0.0263085248        0.0113230351
C          3.3096740255        1.2297637920        0.1713709193
C          4.6878054723        1.2502776494        0.1789587424
C          5.4121909064        0.0656895246        0.0108128851
C          4.7193874128       -1.1355643024       -0.1702525513
C          3.3424287129       -1.1567867682       -0.1601210005
C          6.8669767430        0.0533566307       -0.0292095993
S          7.7067382553       -0.9647509137       -1.0087645561
S          7.7629392801        1.1607916412        0.9804244803
C          1.1584818772        0.0078976502        0.0100438882
N          0.5330985567        1.1620603040        0.2003989522
C         -0.8033270571        1.0936788441        0.1942283787
N         -1.5001581888       -0.0218112098       -0.0033054119
C         -0.7764309883       -1.1217776324       -0.1908183307
N          0.5610695308       -1.1604028697       -0.1829787080
N         -1.4451094398       -2.2887639230       -0.3504150282
C         -2.8570956421       -2.3306498012       -0.2836969639
C         -3.4828521124       -3.2734560574        0.5271888839
S         -2.5149516534       -4.4360951153        1.4521381891
C         -1.1561050336       -4.6004646585        0.3259887889
C         -0.7615239997       -3.5201199646       -0.4590022941
N         -1.4988765380        2.2452066243        0.3499108784
C         -0.8425245117        3.4904455896        0.4697965161
C         -1.2501528388        4.5647913057       -0.3166197467
S         -2.5921647413        4.3761168782       -1.4595744246
C         -3.5458238310        3.1898715097       -0.5502341139
C         -2.9104036305        2.2574454824        0.2652171952
C         -0.4876564794       -5.8130321515        0.2439392124
C          0.5795317468       -5.9523365478       -0.6235483711
C          0.9604082441       -4.8897087946       -1.4273439649
C          0.2862579357       -3.6838546920       -1.3559925199
C         -3.6377187714       -1.4598706791       -1.0328694956
C         -5.0161240943       -1.4925598438       -0.9268356565
C         -5.6310162647       -2.4115800745       -0.0918496397
C         -4.8660169466       -3.3129754420        0.6244051828
C         -4.9281905510        3.2004845393       -0.6647010765
C         -5.6828849857        2.2804315648        0.0386331394
C         -5.0591538118        1.3713886126        0.8779530520
C         -3.6817978573        1.3674502638        1.0012401306
C          0.1908608975        3.6728251975        1.3798050256
C          0.8387023245        4.8922466086        1.4630235078
C          0.4455425907        5.9493521494        0.6578531095
C         -0.6079321014        5.7906952998       -0.2229367927
H          2.7413506552        2.1395829893        0.2834454348
H          5.2034692438        2.1950200059        0.2660472183
H          5.2814314340       -2.0473884755       -0.3037194789
H          2.8010690942       -2.0813321906       -0.2842610063
H          6.7370725464        1.6253168582        1.6978685310
H         -0.8080387386       -6.6310113258        0.8698244291
H          1.1061062488       -6.8918059622       -0.6772984415
H          1.7830912248       -4.9981918371       -2.1164547853
H          0.5770967001       -2.8536871031       -1.9788942377
H         -3.1556098357       -0.7454740396       -1.6794921260
H         -5.6075238209       -0.7971411872       -1.5006225067
H         -6.7055569087       -2.4353535966       -0.0054866932
H         -5.3241989610       -4.0470661688        1.2682950681
H         -5.3938384461        3.9270661162       -1.3118220886
H         -6.7565227133        2.2818298101       -0.0613013336
H         -5.6428442241        0.6612663959        1.4415299071
H         -3.1929660474        0.6605044769        1.6509572077
H          0.4904127815        2.8463635620        2.0033396134
H          1.6496234798        5.0163737160        2.1631103221
H          0.9512228136        6.8996527394        0.7205981251
H         -0.9380122331        6.6036448893       -0.8503155643
