C          2.6223115172        0.0424348525        0.0057919511
C          3.3093742678        1.2454981314        0.1666522623
C          4.6853257867        1.2614090865        0.1666829507
C          5.4131502880        0.0752880988        0.0046524847
C          4.7146706432       -1.1278206729       -0.1561271406
C          3.3380049763       -1.1437175950       -0.1548646265
C          6.8624673214        0.1118498228        0.0061252821
S          7.7390645283        1.4859562354        0.2357206245
S          7.6805826014       -1.4133662049       -0.2553259479
C          1.1559550007        0.0240743873        0.0046403098
N          0.5292122675        1.1781050384        0.1905799688
C         -0.8072669089        1.1073586463        0.1883155657
N         -1.5028703156       -0.0103459170       -0.0003195559
C         -0.7778506856       -1.1100042639       -0.1857649226
N          0.5599051005       -1.1458630092       -0.1830534657
N         -1.4439094458       -2.2790692055       -0.3377465187
C         -0.7562132504       -3.5085210344       -0.4452612707
C         -1.1421217299       -4.5871942213        0.3461784363
S         -2.4962572883       -4.4242220849        1.4783547304
C         -3.4729801493       -3.2680861754        0.5548690192
C         -2.8553409794       -2.3256098201       -0.2627131873
N         -1.5042174522        2.2587964378        0.3381474252
C         -0.8502382549        3.5057213649        0.4513715091
C         -1.2617493974        4.5756681218       -0.3391227433
S         -2.6047967596        4.3785118779       -1.4786978141
C         -3.5550007769        3.1952026402       -0.5616131133
C         -2.9161708947        2.2682904311        0.2573719545
C         -4.8554186463       -3.3120623778        0.6603782189
C         -5.6277971854       -2.4156639036       -0.0542210026
C         -5.0210687525       -1.4971367178       -0.8956961406
C         -3.6434069686       -1.4598789849       -1.0098969518
C          0.2873928717       -3.6714044292       -1.3472471384
C          0.9666000042       -4.8745071940       -1.4169268046
C          0.5948614892       -5.9352536765       -0.6063801682
C         -0.4685339025       -5.7970978202        0.2658966397
C         -4.9376578890        3.2027150628       -0.6730460203
C         -5.6890521162        2.2852560357        0.0371655067
C         -5.0618535791        1.3822005817        0.8803901934
C         -3.6842117196        1.3812565041        1.0004457863
C          0.1843059584        3.6947267768        1.3586892884
C          0.8294582295        4.9159854141        1.4353022728
C          0.4322296260        5.9685672407        0.6262337734
C         -0.6224375199        5.8035066680       -0.2519477345
H          2.7437549615        2.1560111308        0.2871400470
H          5.2189365391        2.1915111114        0.2899952962
H          5.2577980797       -2.0527682994       -0.2799342144
H          2.7932768532       -2.0668587171       -0.2747434019
H          8.9162692544       -0.9234092432       -0.1765229262
H         -5.3072873996       -4.0456371919        1.3093153399
H         -6.7017200250       -2.4429504807        0.0385707883
H         -5.6182116809       -0.8054988956       -1.4680833935
H         -3.1676472640       -0.7455062724       -1.6612101589
H          0.5707089873       -2.8423628930       -1.9750510433
H          1.7858145860       -4.9824057368       -2.1100873152
H          1.1253403625       -6.8725660150       -0.6585631416
H         -0.7822505842       -6.6136712387        0.8969349998
H         -5.4059122814        3.9250955411       -1.3228912511
H         -6.7629300704        2.2844587600       -0.0599679243
H         -5.6429567133        0.6746606324        1.4498215222
H         -3.1923450563        0.6792438833        1.6531963287
H          0.4879142607        2.8720172239        1.9853700586
H          1.6422476935        5.0443964456        2.1326370570
H          0.9362570937        6.9200755666        0.6839742866
H         -0.9551774067        6.6130660008       -0.8823038105
