C         -0.0336691954        4.0994611235        0.3537815184
C          0.8086980966        4.8491135498       -0.4625515209
C          0.8141198038        6.2276909961       -0.3830231367
C         -0.0328592359        6.8725204667        0.5092876101
C         -0.8793685414        6.1288795777        1.3239164168
C         -0.8766469341        4.7511341104        1.2508649196
S         -0.0729419334        8.6359130404        0.6485695011
N         -0.0317233658        2.6994555475        0.2723140865
C         -1.1386928020        1.8963929778        0.1234952982
C         -0.7307669434        0.5401862513        0.0667990532
C          0.6976130777        0.5377043012        0.2082225133
C          1.0885875318        1.8878611047        0.3244479826
C         -1.6703046075       -0.4655543049       -0.1031437650
C         -3.0048676136       -0.1085789635       -0.2078505884
C         -3.3987866748        1.2314663755       -0.1687411895
C         -2.4760499521        2.2458433273       -0.0121860828
C          2.4262434133        2.2107043445        0.4908126220
C          3.3472047963        1.1861775118        0.5527176125
C          2.9731278280       -0.1672608044        0.4711870090
C          1.6328539238       -0.4841195161        0.2658626389
N         -4.0142549784       -1.1057199167       -0.3789971348
C         -4.4168739713       -1.8316636779        0.7360934188
C         -5.4911704845       -2.7262953954        0.7101256355
S         -6.5239539279       -2.9325544287       -0.7186058077
C         -5.5121851181       -2.2022050465       -1.9796535654
C         -4.4218885246       -1.3811661609       -1.6795067268
N          3.9420145540       -1.1663860172        0.5257382110
C          5.3172730225       -0.8971436269        0.6625225068
C          6.2202939376       -1.4350791559       -0.2529367638
S          5.6046594486       -2.4622349495       -1.5667282747
C          4.3346987563       -3.2657017249       -0.6183612721
C          3.6400560123       -2.5294860171        0.3399228110
C         -3.7484911400       -1.6777411138        1.9533490913
C         -4.1125758246       -2.3971419370        3.0770533843
C         -5.1541755071       -3.3039680024        3.0217382924
C         -5.8418150734       -3.4596108729        1.8307993212
C         -5.8789025451       -2.4569060487       -3.2901424372
C         -5.1831894665       -1.8873381560       -4.3422586104
C         -4.1046952169       -1.0682887994       -4.0651311972
C         -3.7262413967       -0.8269574693       -2.7570911850
C          4.0610916988       -4.6082848911       -0.8224012364
C          3.0910157791       -5.2332278882       -0.0599898429
C          2.4287237094       -4.5250163585        0.9304323204
C          2.7108896843       -3.1877481372        1.1411293792
C          5.8142365784       -0.1643921610        1.7372761983
C          7.1698632874        0.0858028298        1.8455254466
C          8.0525302427       -0.4154343213        0.9016458102
C          7.5796222093       -1.1937868177       -0.1392778477
H          1.4503023975        4.3486993771       -1.1711642803
H          1.4710301435        6.7981099589       -1.0220582795
H         -1.5312403072        6.6365525627        2.0183560831
H         -1.5187841725        4.1748925175        1.8987322214
H          0.8506776062        8.8738145334       -0.2775241742
H         -1.3749088550       -1.5026906926       -0.1547678285
H         -4.4474443990        1.4652953664       -0.2729583194
H         -2.7897632225        3.2776854240       -0.0048082628
H          2.7525605002        3.2351844515        0.5770108771
H          4.3900006230        1.4424784523        0.6456619224
H          1.3104246147       -1.5037277576        0.1343182752
H         -2.9343907493       -0.9742954002        2.0210730138
H         -3.5716343278       -2.2435221431        3.9981236185
H         -5.4404643896       -3.8753675491        3.8901473715
H         -6.6753214069       -4.1420843749        1.7585965196
H         -6.7287430112       -3.0977119439       -3.4713979927
H         -5.4853326760       -2.0826431046       -5.3586928029
H         -3.5455608432       -0.6122492349       -4.8675641525
H         -2.8768373816       -0.1917090761       -2.5625550300
H          4.6059655963       -5.1477582351       -1.5815327096
H          2.8665198086       -6.2747695052       -0.2275582317
H          1.6932339466       -5.0173090419        1.5476978568
H          2.2127116285       -2.6405430429        1.9267560019
H          5.1267315256        0.2080583869        2.4812636389
H          7.5386740274        0.6686353301        2.6751763433
H          9.1092489378       -0.2160511220        0.9838935134
H          8.2519879750       -1.6125693886       -0.8718350357
