C          0.0075339361        4.0764179721       -0.0154629245
C         -0.7560986310        4.7747979336       -0.9456356407
C         -0.7599962837        6.1558572608       -0.9487769801
C          0.0098795606        6.8521956680       -0.0255463075
C          0.7783625516        6.1576710234        0.9023998576
C          0.7738638565        4.7779818958        0.9113309885
S          0.0480203875        8.6199261638        0.0129807260
N          0.0049296968        2.6711841223       -0.0117260223
C         -1.1142861685        1.8680107990       -0.0020861282
C         -0.7165340564        0.5094735939       -0.0059930905
C          0.7181373087        0.5067975826        0.0001766316
C          1.1210509878        1.8637606359       -0.0141991657
C         -1.6692329312       -0.4995510655       -0.0268934467
C         -3.0065764863       -0.1395281505       -0.0019799674
C         -3.3907938786        1.2040966403        0.0538933085
C         -2.4568997617        2.2195332563        0.0510005416
C          2.4649669308        2.2098369754       -0.0700167567
C          3.3949852511        1.1908549192       -0.0651555402
C          3.0056924094       -0.1508736426        0.0010709483
C          1.6670039960       -0.5056148894        0.0289494709
N         -4.0332780974       -1.1294498562       -0.0550719808
C         -4.2550563680       -1.9309182363        1.0600041286
C         -5.3285752352       -2.8233226351        1.1448206660
S         -6.5998358545       -2.9048686633       -0.0908698336
C         -5.7955700340       -2.1053456468       -1.4546250871
C         -4.6496118959       -1.3237836285       -1.2885358248
N          4.0284875383       -1.1443595640        0.0617801651
C          4.6462403606       -1.3293808178        1.2959630956
C          5.7891553033       -2.1141939148        1.4677270452
S          6.5874230295       -2.9308123303        0.1107304755
C          5.3149148529       -2.8548814257       -1.1240946556
C          4.2455962002       -1.9568252145       -1.0463003971
C         -3.4010715690       -1.8609809834        2.1633463816
C         -3.5789519848       -2.6696562282        3.2712392316
C         -4.6153428788       -3.5830457704        3.3137580051
C         -5.4926289126       -3.6469466359        2.2454622187
C         -6.3779560033       -2.2694825672       -2.7001530720
C         -5.8462644790       -1.6481395604       -3.8164199181
C         -4.7083628051       -0.8764091333       -3.6733874803
C         -4.1153334599       -0.7264077931       -2.4331786327
C          5.4738923289       -3.6894043260       -2.2172642028
C          4.5957371333       -3.6313044646       -3.2851655957
C          3.5637729126       -2.7126093563       -3.2500369173
C          3.3909035975       -1.8929268531       -2.1494653034
C          4.1164047776       -0.7189282874        2.4357707363
C          4.7110535807       -0.8592574854        3.6763374685
C          5.8460745336       -1.6341781771        3.8248622924
C          6.3731207411       -2.2685838131        2.7137618810
H         -1.3378559815        4.2340310182       -1.6758043690
H         -1.3558791164        6.6876082858       -1.6747822364
H          1.3707417383        6.7053750112        1.6191222902
H          1.3544983352        4.2408499199        1.6449683742
H         -0.7934458213        8.8033653341       -0.9997769227
H         -1.3801430945       -1.5387376793       -0.0635097971
H         -4.4438360583        1.4379851450        0.0877378062
H         -2.7651313173        3.2515780076        0.0988217108
H          2.7771795954        3.2404310494       -0.1246380195
H          4.4488976959        1.4206671898       -0.1005108391
H          1.3740755558       -1.5434015588        0.0739373494
H         -2.5892422123       -1.1519677024        2.1591722540
H         -2.8959475584       -2.5810809892        4.1020130235
H         -4.7545327920       -4.2267876966        4.1674541908
H         -6.3317324540       -4.3262702459        2.2590257803
H         -7.2642957156       -2.8811116915       -2.7769987604
H         -6.3169778580       -1.7704354602       -4.7787366551
H         -4.2700942116       -0.3873809336       -4.5296202582
H         -3.2208820948       -0.1306667807       -2.3467797062
H          6.3098481382       -4.3726676625       -2.2253670778
H          4.7309413636       -4.2836386853       -4.1329535380
H          2.8803394522       -2.6284388599       -4.0809009827
H          2.5825568875       -1.1799631308       -2.1510021837
H          3.2243046998       -0.1202402611        2.3453246771
H          4.2763107064       -0.3600161745        4.5284788363
H          6.3180655185       -1.7488963037        4.7874847586
H          7.2570525877       -2.8831216805        2.7950336888
