C          0.0089660016        4.0836371847       -0.2227238587
C         -0.7317159011        4.7329422686       -1.2064667148
C         -0.7283025231        6.1108854961       -1.2779760933
C          0.0222362274        6.8550253701       -0.3740734084
C          0.7669608730        6.2103610910        0.6056554615
C          0.7555038368        4.8314857429        0.6824587495
S         -0.0056961193        8.6175838447       -0.5156336891
N          0.0036893209        2.6802759075       -0.1426936813
C         -1.1161589841        1.8793805535       -0.1013148045
C         -0.7190492711        0.5230763316       -0.0124453978
C          0.7156775425        0.5195673008       -0.0086078856
C          1.1193793657        1.8741205789       -0.0914392037
C         -1.6729946498       -0.4823409086        0.0532059262
C         -3.0096318922       -0.1201728507        0.0276013511
C         -3.3946317548        1.2216863452       -0.0383216897
C         -2.4587248494        2.2343004008       -0.0964390233
C          2.4630295262        2.2183678904       -0.1600182776
C          3.3936961501        1.2001778469       -0.1203862277
C          3.0026102465       -0.1375210330       -0.0152842638
C          1.6647402187       -0.4916096221        0.0395337629
N         -4.0323309519       -1.1166247652        0.0811158523
C         -4.3580458816       -1.7790551958       -1.0972307530
C         -5.4259359960       -2.6762112888       -1.1925736076
S         -6.5393923564       -2.9793733748        0.1558043966
C         -5.6212948011       -2.3072131119        1.5174194602
C         -4.5249943875       -1.4599711879        1.3353516585
N          4.0200843050       -1.1399650956        0.0254527817
C          4.3163031400       -1.8157337223       -1.1529246987
C          5.3725258642       -2.7251084614       -1.2618652204
S          6.5113941149       -3.0300081866        0.0646703473
C          5.6457267625       -2.3118095997        1.4370053922
C          4.5502975959       -1.4602923222        1.2702154796
C         -3.6114204581       -1.5537215684       -2.2563228122
C         -3.8994924059       -2.2039658520       -3.4425497302
C         -4.9403901387       -3.1107136784       -3.5092968129
C         -5.7013174748       -3.3396032635       -2.3761343090
C         -6.0710878405       -2.6342533381        2.7852908680
C         -5.4566321482       -2.1122548202        3.9102308246
C         -4.3774461844       -1.2637551732        3.7496145934
C         -3.9157569241       -0.9496696540        2.4843322303
C          6.1351736352       -2.6105847409        2.6972005677
C          5.5613363275       -2.0575829517        3.8287154610
C          4.4814429460       -1.2073226513        3.6830461869
C          3.9811090520       -0.9201266284        2.4261127501
C          3.5487884432       -1.5926488975       -2.2988319428
C          3.8049832181       -2.2571058033       -3.4844731102
C          4.8341510754       -3.1761563872       -3.5639461312
C          5.6161256850       -3.4022732627       -2.4446584951
H         -1.2983165090        4.1563711597       -1.9208943667
H         -1.3005902778        6.6184391388       -2.0391814497
H          1.3489480806        6.7808988959        1.3132471365
H          1.3181029668        4.3313983245        1.4554448562
H          0.8127478979        8.8561195519        0.5045233083
H         -1.3879670706       -1.5210298921        0.1210356744
H         -4.4477751458        1.4572233572       -0.0380436373
H         -2.7659838550        3.2672462920       -0.1299594037
H          2.7741999615        3.2460805889       -0.2569185868
H          4.4473960500        1.4272668513       -0.1725308669
H          1.3746588302       -1.5288294896        0.1080582243
H         -2.7950021123       -0.8502719627       -2.2285491106
H         -3.2998502922       -1.9969289058       -4.3154940070
H         -5.1687309808       -3.6280171947       -4.4273660761
H         -6.5334848292       -4.0271515270       -2.3988269430
H         -6.9210010571       -3.2939556106        2.8754746891
H         -5.8226234144       -2.3656420479        4.8922842360
H         -3.8829718353       -0.8411892178        4.6106029431
H         -3.0685099869       -0.2907538660        2.3816791173
H          6.9832408371       -3.2742105330        2.7753645685
H          5.9580188075       -2.2896106366        4.8041052844
H          4.0168718402       -0.7626356429        4.5495218826
H          3.1335089304       -0.2599784750        2.3349021996
H          2.7414289254       -0.8792550856       -2.2615204582
H          3.1898029777       -2.0511458814       -4.3467929569
H          5.0375775929       -3.7048821785       -4.4813693051
H          6.4402671246       -4.0990645630       -2.4779606442
