C          0.0061993318        4.0446175224       -0.1442678929
C         -0.7348537889        4.7282301616       -1.1032204681
C         -0.7405347189        6.1090677277       -1.1264937934
C          0.0045637183        6.8198282379       -0.1938716167
C          0.7488934294        6.1399569884        0.7641426116
C          0.7463728917        4.7604313260        0.7926294718
S          0.0404430055        8.5879208079       -0.1804990793
N          0.0057633771        2.6391388501       -0.1234639974
C         -1.1131481109        1.8360152220       -0.1186889236
C         -0.7157967352        0.4777149067       -0.1032626775
C          0.7184513261        0.4750634302       -0.0946656075
C          1.1215204603        1.8319934800       -0.1013569335
C         -1.6704931932       -0.5301720250       -0.0747355914
C         -3.0047097392       -0.1676578517       -0.0404491703
C         -3.3903431237        1.1781432218       -0.0287365038
C         -2.4555608480        2.1912620600       -0.0700151547
C          2.4665367759        2.1802254021       -0.1176052812
C          3.3972651998        1.1628877342       -0.0881862511
C          3.0049555309       -0.1807051846       -0.0623251847
C          1.6687515726       -0.5371101910       -0.0768149775
N         -4.0028570787       -1.1888292257        0.0138233626
C         -4.3352407607       -1.6844697668        1.2704624385
C         -5.2288675699       -2.7416495081        1.4625359997
S         -6.0006509731       -3.5964673057        0.1129549531
C         -5.6528432306       -2.4987613183       -1.2374255116
C         -4.6959628782       -1.4829125570       -1.1550218808
N          3.9993531796       -1.2057723111       -0.0100520809
C          4.3595648963       -1.6741491771        1.2492426545
C          5.2583856183       -2.7262264451        1.4450336591
S          6.0020318748       -3.6103904464        0.0985613775
C          5.6137452130       -2.5506466656       -1.2709445648
C          4.6602963512       -1.5315368227       -1.1890301970
C         -3.7657235783       -1.1175440552        2.4135672319
C         -4.0617569185       -1.5858993475        3.6807148973
C         -4.9518866654       -2.6293904396        3.8508908416
C         -5.5363890842       -3.1984081706        2.7329914110
C         -6.3475787561       -2.7353123088       -2.4114320792
C         -6.0922086625       -1.9885332106       -3.5483032201
C         -5.1225912397       -1.0050562681       -3.4966297933
C         -4.4397328195       -0.7555397723       -2.3200651057
C          6.2745255348       -2.8199881845       -2.4574276900
C          5.9881577410       -2.1032610797       -3.6061843970
C          5.0224229286       -1.1160448525       -3.5532601957
C          4.3731143244       -0.8340457776       -2.3650786001
C          3.8134062466       -1.0835653865        2.3917944677
C          4.1375479354       -1.5234523771        3.6622620605
C          5.0331144234       -2.5616704442        3.8359264969
C          5.5938378597       -3.1546708983        2.7182933152
H         -1.2974756443        4.1755697864       -1.8395179271
H         -1.3181974780        6.6293754103       -1.8751476221
H          1.3210953369        6.6989534232        1.4884919155
H          1.3077198356        4.2348375153        1.5492494829
H         -0.7723867680        8.7554541850       -1.2190864747
H         -1.3858431696       -1.5706366089       -0.0630153107
H         -4.4427621632        1.4140298628        0.0170299102
H         -2.7614007445        3.2249430074       -0.0455218630
H          2.7788065061        3.2116152908       -0.1549195003
H          4.4517780156        1.3939132436       -0.0877525003
H          1.3795978900       -1.5763323416       -0.0660750385
H         -3.0744482802       -0.2972551344        2.3057160070
H         -3.5917759121       -1.1246497686        4.5355509547
H         -5.1911783750       -3.0009740724        4.8343737419
H         -6.2335856511       -4.0171131094        2.8300719686
H         -7.0826514604       -3.5260746400       -2.4231382477
H         -6.6367415212       -2.1852921205       -4.4578727843
H         -4.8908135297       -0.4213529543       -4.3740914845
H         -3.6849916607        0.0139836518       -2.3043131652
H          7.0082547919       -3.6120180706       -2.4686429370
H          6.5065014795       -2.3253311212       -4.5251718930
H          4.7674542494       -0.5543652813       -4.4386294292
H          3.6213284131       -0.0615445142       -2.3485783060
H          3.1176825707       -0.2675398465        2.2805992033
H          3.6851149404       -1.0444822803        4.5168273392
H          5.2944728249       -2.9111706110        4.8218782722
H          6.2940908789       -3.9704212685        2.8181272819
