C          0.0066537799        4.0451411694       -0.0283210074
C         -0.6888207308        4.7400321088        0.9561327922
C         -0.6889070744        6.1211624908        0.9664577142
C          0.0167122905        6.8206728601       -0.0045035469
C          0.7177287196        6.1293734246       -0.9867898580
C          0.7093548583        4.7497819309       -1.0020125623
S          0.0563238093        8.5884300160       -0.0370071345
N          0.0012725957        2.6395633380       -0.0407188815
C         -1.1165152368        1.8363349076        0.0079236770
C         -0.7201101543        0.4781517205       -0.0359685107
C          0.7124185333        0.4756453625       -0.1066671661
C          1.1153170603        1.8324300918       -0.1060368788
C         -1.6737955770       -0.5305493961       -0.0041290312
C         -3.0065466699       -0.1693629176        0.0727077079
C         -3.3931426720        1.1758917638        0.0959325655
C         -2.4593773424        2.1900406567        0.0553300572
C          2.4602558333        2.1814439811       -0.1099261159
C          3.3909451283        1.1641485480       -0.1384435005
C          2.9985216270       -0.1794688008       -0.1660044401
C          1.6625262144       -0.5361971895       -0.1469044523
N         -4.0039864765       -1.1910123082        0.1362432955
C         -4.6957928638       -1.4958582363       -1.0304383414
C         -5.6577398237       -2.5075732575       -1.1037320579
S         -6.0239275983       -3.5813924749        0.2608677955
C         -5.2351765545       -2.7256099446        1.6001737481
C         -4.3323401296       -1.6783889016        1.3968562824
N          3.9933641587       -1.2052359629       -0.1872490968
C          4.3993773133       -1.7213741445        1.0390372056
C          5.3008549302       -2.7824125138        1.1599802367
S          5.9855987838       -3.6182787450       -0.2473314654
C          5.5604136709       -2.4985641165       -1.5567889845
C          4.6146741928       -1.4810639030       -1.4000335068
C         -4.4331449025       -0.7824514736       -2.2026953277
C         -5.1117701232       -1.0439774800       -3.3791172996
C         -6.0835284959       -2.0256885431       -3.4233230001
C         -6.3474085000       -2.7566602136       -2.2781388711
C         -5.5390892557       -3.1722562669        2.8750932755
C         -4.9419256533       -2.6031584410        3.9862889994
C         -4.0406612436       -1.5712485269        3.8047731470
C         -3.7475959114       -1.1132441382        2.5331511664
C          6.1817281059       -2.7179726338       -2.7744463576
C          5.8615918865       -1.9512160412       -3.8812423938
C          4.9024340528       -0.9642979075       -3.7544752954
C          4.2931230841       -0.7320644770       -2.5347706933
C          3.8996184676       -1.1731107947        2.2230872629
C          4.2712740925       -1.6613569982        3.4625137558
C          5.1694940335       -2.7070347940        3.5621552314
C          5.6842692144       -3.2589925643        2.4021856823
H         -1.2194899707        4.1966850936        1.7223928449
H         -1.2314984944        6.6504456886        1.7348028026
H          1.2605249374        6.6795760621       -1.7399271972
H          1.2372531894        4.2147253573       -1.7759546760
H         -0.7119315439        8.7686144232        1.0328994045
H         -1.3894683797       -1.5707819061       -0.0317576934
H         -4.4457547316        1.4105753448        0.1431887120
H         -2.7677990069        3.2231787767        0.0553645837
H          2.7719703965        3.2131301952       -0.0746308794
H          4.4455109104        1.3949304152       -0.1369204119
H          1.3737812119       -1.5755874667       -0.1489324082
H         -3.6774798274       -0.0135971077       -2.1927351191
H         -4.8748726009       -0.4707239168       -4.2620973813
H         -6.6242091361       -2.2322486482       -4.3330193133
H         -7.0862512418       -3.5440014497       -2.2831123822
H         -6.2441237545       -3.9831154834        2.9809890825
H         -5.1795642473       -2.9664818995        4.9732502246
H         -3.5593442232       -1.1116000868        4.6541378707
H         -3.0460171968       -0.3031567844        2.4156567608
H          6.9110997490       -3.5110566929       -2.8437876612
H          6.3489011638       -2.1348683370       -4.8253558702
H          4.6215897690       -0.3642512070       -4.6062258164
H          3.5455905407        0.0411014611       -2.4602365817
H          3.2031774798       -0.3518378126        2.1697226274
H          3.8539425670       -1.2139793765        4.3513547750
H          5.4677908375       -3.0937602038        4.5234162615
H          6.3847500231       -4.0795610512        2.4440585883
