C          0.0003983731        4.1557587524       -0.0381592272
C         -0.9336840296        4.8072683504       -0.8405848652
C         -0.9458082609        6.1853671890       -0.9244690598
C         -0.0134826816        6.9304338916       -0.2144314212
C          0.9268491527        6.2871736727        0.5821596531
C          0.9308865404        4.9109786269        0.6740474957
S          0.0202169331        8.6988626992       -0.2898649440
N          0.0081032251        2.7606710306        0.0507515961
C         -1.0910546073        1.9490588576        0.2692274434
C         -0.6814414861        0.5986773462        0.2955801645
C          0.7374938751        0.5977919561        0.0775960184
C          1.1219877540        1.9481796320       -0.0639697500
C         -1.5911016615       -0.4204758495        0.5270197776
C         -2.9248009663       -0.1016640002        0.7663353136
C         -3.3192973496        1.2463615593        0.7167649960
C         -2.4230048763        2.2689379581        0.4817780367
C          2.4383771843        2.2616849071       -0.3650963918
C          3.3603854568        1.2378927370       -0.4393849412
C          3.0092765370       -0.1053603097       -0.2194700263
C          1.6707684932       -0.4227922641       -0.0055106019
N         -3.8698153641       -1.1054571324        0.9817727419
C         -5.2423855281       -0.8448358579        1.1486940914
C         -6.1740276964       -1.4950845757        0.3407329046
S         -5.5966958260       -2.6490882504       -0.8818690257
C         -4.2655022877       -3.3220822310        0.0841449252
C         -3.5459100233       -2.4745057165        0.9247970618
N          3.9732791854       -1.1098977400       -0.3091077221
C          3.6534934249       -2.4768863185       -0.2056579421
C          4.0681173352       -3.3620728870       -1.1993663716
S          5.0132906387       -2.7374725450       -2.5686929450
C          5.9487549306       -1.5422892307       -1.6435335347
C          5.3247931444       -0.8540337676       -0.6040187918
C         -5.7077847386       -0.0042477147        2.1568255984
C         -7.0622428560        0.2350895824        2.2986806650
C         -7.9750190232       -0.3828757199        1.4584409981
C         -7.5317292935       -1.2649123400        0.4896260973
C         -3.9687264694       -4.6730054706        0.0084146482
C         -2.9490334595       -5.1949251013        0.7834133730
C         -2.2598201800       -4.3729054033        1.6608814022
C         -2.5646862125       -3.0267751558        1.7441766583
C          7.2807998826       -1.3178991842       -1.9497351702
C          8.0093622132       -0.4034371910       -1.2108220084
C          7.4140149461        0.2533350158       -0.1453410514
C          6.0874097301        0.0200528769        0.1667835609
C          2.9898502558       -2.9893098019        0.9063035213
C          2.6806449319       -4.3349980860        0.9781336361
C          3.0553139674       -5.1959734910       -0.0412032248
C          3.7691679798       -4.7124574759       -1.1225826033
H         -1.6413927493        4.2284652715       -1.4135588995
H         -1.6750229639        6.6767987464       -1.5509311318
H          1.6463479177        6.8725732781        1.1343122814
H          1.6472507892        4.4147071742        1.3101143724
H         -1.0034892331        8.8263740082       -1.1281260154
H         -1.2538807272       -1.4435844630        0.4971718740
H         -4.3595240085        1.5000075028        0.8424115077
H         -2.7666784714        3.2915991525        0.4727920848
H          2.7451915666        3.2780350401       -0.5589702037
H          4.3754464398        1.4838588809       -0.7069831637
H          1.3407882781       -1.4463288187        0.0659763484
H         -4.9962412593        0.4600723232        2.8224599473
H         -7.4061398824        0.9017607603        3.0742008670
H         -9.0310625111       -0.1924286012        1.5665233685
H         -8.2263846014       -1.7734033736       -0.1608156217
H         -4.5348535440       -5.2995991262       -0.6632431301
H         -2.7068543609       -6.2436094124        0.7143104432
H         -1.4859167005       -4.7829810211        2.2908370516
H         -2.0443745298       -2.3892413674        2.4424798387
H          7.7305660532       -1.8566767689       -2.7692564780
H          9.0429232278       -0.2179033906       -1.4567834053
H          7.9870654154        0.9457290324        0.4516091115
H          5.6269427678        0.5152236061        1.0079835799
H          2.7178480452       -2.3210324654        1.7089047837
H          2.1521439744       -4.7138018228        1.8390380177
H          2.8086190502       -6.2445114763        0.0121742415
H          4.0920260020       -5.3689147473       -1.9156950248
