C         -3.9364301946        0.0074959751       -0.0078200819
C         -4.6362662324        0.1953901379       -1.1975869273
C         -6.0156235108        0.1993884845       -1.1985499020
C         -6.7166583192        0.0093135158       -0.0127031292
C         -6.0235932023       -0.1815768897        1.1760227886
C         -4.6429237905       -0.1789233128        1.1772953325
S         -8.4832544869        0.0194529914       -0.0727418372
N         -2.5340399791        0.0058070247       -0.0036472419
C         -1.7459961184       -0.7380122963        0.8258423457
C         -0.4330525759       -0.4799445556        0.5289300731
C         -0.4287916748        0.4831965827       -0.5264999257
C         -1.7393395103        0.7463922155       -0.8295044680
N          0.7354519999        1.0303534225       -1.0956445822
C          1.7153965400        0.1382703395       -1.5402442361
C          3.0592708723        0.5269449056       -1.5751122585
O          3.4650376612        1.7926040622       -1.2186320071
C          2.4810149633        2.6913132290       -0.8671492430
C          1.1295344631        2.3364476986       -0.7823930926
N          0.7263246411       -1.0319578350        1.1033130648
C          1.7091314451       -0.1436408747        1.5494407167
C          3.0514973682       -0.5371739590        1.5860690418
O          3.4531515306       -1.8041734011        1.2296575761
C          2.4661943277       -2.6995612501        0.8781411113
C          1.1161645150       -2.3397698777        0.7913006402
C          2.8705225515       -3.9892119819        0.5891130841
C          1.9420821355       -4.9433577012        0.1999798743
C          0.6100089859       -4.5959385804        0.1012652085
C          0.2002659037       -3.3051436487        0.3959618947
C          1.3797909819        1.1330741904        1.9863850191
C          2.3633951083        2.0181257350        2.3977754263
C          3.6891338479        1.6343164380        2.3901997841
C          4.0303475308        0.3484760383        1.9954350551
C          2.8898572387        3.9790359942       -0.5760257928
C          1.9645227101        4.9362096417       -0.1868655258
C          0.6310135742        4.5937151135       -0.0904098300
C          0.2167531937        3.3048324715       -0.3871807227
C          1.3821111177       -1.1374838811       -1.9769916412
C          2.3631336809       -2.0262937599       -2.3865125015
C          3.6902014863       -1.6472403463       -2.3773086926
C          4.0354609111       -0.3623994527       -1.9827214403
H         -8.6717997277       -0.1934931013        1.2259428095
H         -6.5577123106       -0.3251358391        2.1026817122
H         -4.1129707135       -0.3061814817        2.1076515643
H         -4.1022503804        0.3220011055       -2.1256192924
H         -6.5579577880        0.3426226795       -2.1202936148
H         -2.1481739614        1.4236645498       -1.5510550479
H         -2.1606781163       -1.4140487912        1.5451331378
H          0.3454376390       -1.4364330564       -1.9830678731
H          2.0797197564       -3.0185774184       -2.7003197546
H          4.4610372020       -2.3382085853       -2.6788985545
H          5.0626244376       -0.0334663872       -1.9741141391
H          3.9414381788        4.2076193025       -0.6459005919
H          2.2949275530        5.9366553560        0.0423289611
H         -0.0988329565        5.3257835614        0.2180475930
H         -0.8240852885        3.0408437101       -0.2958797366
H          0.3442257289        1.4358066547        1.9907036416
H          2.0832137119        3.0112993049        2.7116468201
H          4.4620224484        2.3224166688        2.6930996027
H          5.0563403815        0.0158769224        1.9878480365
H          3.9211602360       -4.2216570938        0.6604285967
H          2.2690256089       -5.9453174151       -0.0275836069
H         -0.1221436526       -5.3255587023       -0.2075191779
H         -0.8393370364       -3.0372075964        0.3023431635
