C          3.2048561945       -0.1917618853       -0.3072469334
C          3.9664817229       -0.8878058273        0.6345089967
C          5.3330580549       -0.9687213681        0.5013891823
C          5.9863555536       -0.3772909541       -0.5857081225
C          5.2195582689        0.3252550465       -1.5213276225
C          3.8531302531        0.4225340259       -1.3805066276
C          7.4302290142       -0.4726694252       -0.6782427547
S          8.3989030100       -0.5539925817        0.6509715675
S          8.2001126366       -0.4902625607       -2.2501776373
N          1.8216066617       -0.1066717594       -0.1740235009
C          1.0244018753       -1.0329900833        0.4425589246
C         -0.2747541077       -0.6085477780        0.3733376720
C         -0.2651878507        0.6495813635       -0.3146717916
C          1.0378729695        0.9159577574       -0.6368696297
C         -2.3329084170       -1.4499160387       -1.3765968946
C         -3.4177017687       -1.5407263154       -2.2338894386
C         -4.7019966262       -1.5579068551       -1.7281012655
C         -4.9013929096       -1.5137038502       -0.3557589334
C         -2.5182267229       -1.3590084666       -0.0030123186
C         -3.8213502624       -1.4229444388        0.5022187806
N         -1.4311657612       -1.2305751638        0.8677032924
C         -2.9653488153        1.7277065571       -4.4700285379
C         -2.2391954341       -1.4055056758        4.9806449505
C         -4.5244368886        2.0937338205        1.2755570966
C         -4.0623170001        2.0976855004        2.5837794975
C         -2.7164540172        1.9208898578        2.8346251962
C         -1.8345808366        1.7109072347        1.7866902719
C         -3.6473735094        1.8843172023        0.2278356591
C         -2.2887802156        1.6589036282        0.4750554948
N         -1.4118002798        1.4113123344       -0.5858998342
C         -1.1033416644        1.3479039335       -3.0057330091
C         -1.6251374001        1.4539440208       -4.2852526186
C         -3.7891221549        1.8869556109       -3.3658851543
C         -3.2720717524       -1.4514978044        4.0564305373
C         -0.9361546461       -1.2920745617        4.5396694165
C         -0.6600015600       -1.2338568990        3.1828119318
C         -1.9130929243        1.5103121176       -1.8901856296
C         -3.2732898233        1.7750228090       -2.0881454470
O         -4.1637258914        1.9146853085       -1.0462646249
O         -4.0841771256       -1.4060450894        1.8520550133
C         -3.0007234393       -1.3867414800        2.7024347450
C         -1.6817346475       -1.2846084241        2.2446897332
H          3.4901405040       -1.3479304929        1.4846184546
H          5.9202500937       -1.5003463210        1.2340463183
H          5.6986278437        0.8359166497       -2.3427275389
H          3.2845542556        0.9655579863       -2.1174590537
H          7.0995311312       -0.6379671068       -2.9915540547
H          1.4169339613       -1.9478799588        0.8355930860
H          1.4538557467        1.7830680019       -1.1064089136
H         -1.3301668235       -1.4382416687       -1.7743982577
H         -3.2483735423       -1.5867666550       -3.2980844292
H         -5.5519220849       -1.6121806613       -2.3893202500
H         -5.8919938449       -1.5376006321        0.0700253342
H         -3.3792147934        1.8126662024       -5.4620028140
H         -2.4624582942       -1.4521771455        6.0344564269
H         -5.5681342790        2.2410001594        1.0471647650
H         -4.7571260942        2.2455015533        3.3949172077
H         -2.3421976690        1.9336858310        3.8461576587
H         -0.7830211707        1.5744418802        1.9858120172
H         -0.0599075716        1.1176324808       -2.8694536277
H         -0.9748804622        1.3188647629       -5.1351699585
H         -4.8437799004        2.0843908516       -3.4734463217
H         -4.3025446054       -1.5223345198        4.3662085921
H         -0.1235182699       -1.2460984291        5.2475796722
H          0.3583602725       -1.1286391887        2.8474671287
