C          3.2014908584       -0.2019719770       -0.3147207709
C          3.9617244671       -0.9331886089        0.6013265956
C          5.3275342370       -1.0154491538        0.4626587394
C          5.9868405620       -0.3524223597       -0.5787532190
C          5.2196678699        0.3730755123       -1.4969019551
C          3.8501351525        0.4394921857       -1.3721063111
C          7.4260745592       -0.4779348072       -0.6950656025
S          8.2396819530       -1.8230009270       -0.2035210317
S          8.3582819619        0.8292076052       -1.3925859985
N          1.8187910704       -0.1188227558       -0.1805252863
C          1.0173845208       -1.0613679505        0.4053394691
C         -0.2801016610       -0.6298288662        0.3485799038
C         -0.2651105496        0.6495378264       -0.2997767433
C          1.0394284998        0.9209994484       -0.6116055671
C         -2.3499633273       -1.3953361151       -1.4228713811
C         -3.4387226734       -1.4470446010       -2.2784344137
C         -4.7211233413       -1.4748263256       -1.7683055353
C         -4.9147616764       -1.4817042100       -0.3944518783
C         -2.5292698755       -1.3542439942       -0.0461052988
C         -3.8307794335       -1.4301663688        0.4617643775
N         -1.4383716458       -1.2623091934        0.8242793613
C         -2.9381028544        1.8935380012       -4.4273790329
C         -2.2313362208       -1.5913727392        4.9310769812
C         -4.5277564230        2.0527024874        1.3189598256
C         -4.0730493791        2.0068021678        2.6289651589
C         -2.7292624225        1.8156686061        2.8805202589
C         -1.8423008262        1.6406089920        1.8304426558
C         -3.6456013181        1.8779910436        0.2691473939
C         -2.2893933267        1.6377598235        0.5153663477
N         -1.4075979539        1.4244474615       -0.5491267952
C         -1.0861859217        1.4494086476       -2.9683389470
C         -1.6003398547        1.6060588550       -4.2457850228
C         -3.7671417837        2.0151046362       -3.3223925434
C         -3.2677610487       -1.5976554786        4.0097247210
C         -0.9295706604       -1.4658545815        4.4896608421
C         -0.6582439302       -1.3567479261        3.1349480119
C         -1.9010362031        1.5742400697       -1.8516444578
C         -3.2589395430        1.8526982597       -2.0469829258
O         -4.1546445210        1.9571012364       -1.0057203354
O         -4.0880635156       -1.4634127701        1.8121849097
C         -3.0011827777       -1.4819506142        2.6581471938
C         -1.6834949873       -1.3679979836        2.1993267877
H          3.4843911705       -1.4231571138        1.4339652973
H          5.9135908954       -1.5769373045        1.1736570063
H          5.6909821638        0.8413573358       -2.3475411273
H          3.2775940699        0.9722549378       -2.1134969462
H          7.3897760961        1.7476520220       -1.4249135942
H          1.4060824655       -1.9902665782        0.7682291024
H          1.4600786188        1.8003205011       -1.0534695321
H         -1.3487681039       -1.3754060030       -1.8243766364
H         -3.2737670127       -1.4541244547       -3.3443238150
H         -5.5739437477       -1.4981360933       -2.4276063887
H         -5.9037901272       -1.5156456081        0.0342587752
H         -3.3459571545        2.0178390861       -5.4176975328
H         -2.4508653530       -1.6780312205        5.9831305619
H         -5.5695496460        2.2123941985        1.0902552160
H         -4.7719377134        2.1273994338        3.4410977757
H         -2.3607014275        1.7899161938        3.8938933640
H         -0.7924546034        1.4926471422        2.0302727506
H         -0.0448251856        1.2079536907       -2.8358435944
H         -0.9460024035        1.4994255058       -5.0966479648
H         -4.8202842492        2.2214120242       -3.4281006246
H         -4.2973532427       -1.6763605978        4.3204951689
H         -0.1141097661       -1.4502805107        5.1956080251
H          0.3593007453       -1.2427677049        2.8002059998
