C          3.9263018921        0.2033301725       -0.4902187105
C          4.7200804058       -0.9197061758       -0.2661583739
C          6.0867934061       -0.8502331311       -0.4395681610
C          6.6868307020        0.3459853911       -0.8343825828
C          5.8901605646        1.4700303046       -1.0550514618
C          4.5228080708        1.3982152554       -0.8876108242
C          8.0894130598        0.4183445174       -1.0089920549
C          9.2794827090        0.4782822353       -1.1578571577
N          2.5368070884        0.1314332748       -0.3169276960
C          1.7661268773       -0.9706535364       -0.5453631630
C          0.4594816982       -0.6590197258       -0.2657447602
C          0.4410528961        0.7053272917        0.1533119927
C          1.7375879199        1.1520428614        0.1076625585
N         -0.6618134186       -1.4825466243       -0.3810388248
C         -1.1039146044       -2.0770535376       -1.5450529211
C         -2.4082031456       -2.5854000881       -1.3456807859
C         -2.7677797558       -2.2652315791        0.0070555784
C         -1.6599956084       -1.5875244348        0.5650014077
N         -0.6955570275        1.4117767398        0.5506520154
C         -0.8968895918        1.9727090958        1.7950759128
C         -2.2547344949        2.3441976199        1.9276687283
C         -2.9003225031        1.9729340197        0.7000495142
C         -1.9003223605        1.4036934979       -0.1207848940
C         -3.0645213606       -3.2300045121       -2.3858974076
C         -2.4201806403       -3.3528792890       -3.6011218744
C         -1.1397422736       -2.8366157847       -3.7903920978
C         -0.4652220238       -2.1929031918       -2.7707292438
C         -1.6622589002       -1.1739201367        1.8890146053
C         -2.8068084720       -1.3920908779        2.6297898248
C         -3.9174161151       -2.0281350730        2.0792218200
C         -3.9042703798       -2.4805442127        0.7748176431
C         -2.6980663780        2.9315776751        3.1052801645
C         -1.7916767651        3.1334500210        4.1274044252
C         -0.4584861790        2.7515950205        3.9907333184
C          0.0073509769        2.1672406741        2.8285918269
C         -2.1850279581        0.9754482901       -1.4090563581
C         -3.4920675073        1.0680456545       -1.8442813512
C         -4.4923120136        1.5958333770       -1.0305930247
C         -4.2058964587        2.0632071936        0.2366225298
H          4.2669859594       -1.8423370835        0.0607625078
H          6.7010461903       -1.7200669585       -0.2633714418
H          6.3509925745        2.3954532641       -1.3652083254
H          3.9121887443        2.2658584620       -1.0819535950
H         10.3191397894        0.5319412222       -1.2871157515
H          2.1783262644       -1.8868197333       -0.9153886989
H          2.1323118955        2.1101350390        0.3768263826
H         -4.0604398377       -3.6221639577       -2.2436918275
H         -2.9142873644       -3.8513601020       -4.4218977643
H         -0.6661406967       -2.9407670339       -4.7554246851
H          0.5220352509       -1.7847332619       -2.9255610069
H         -0.8005493776       -0.6977865015        2.3314945394
H         -2.8395167023       -1.0636562506        3.6581965436
H         -4.7959417696       -2.1769009235        2.6894243301
H         -4.7590030144       -2.9904910574        0.3560952888
H         -3.7328445815        3.2192778017        3.2163174679
H         -2.1175667892        3.5891371782        5.0506834648
H          0.2238991231        2.9145760584        4.8118442979
H          1.0384695041        1.8628228999        2.7316916768
H         -1.4144734861        0.5829141224       -2.0549715811
H         -3.7423239136        0.7252574602       -2.8374712174
H         -5.5038238103        1.6479705537       -1.4053151919
H         -4.9789824150        2.4896137743        0.8582829916
