-0.803786 0.763776 -0.050699 0.286923 0.000000
-0.723408 0.739123 -0.028418 0.289295 0.000000
-0.643029 0.709609 -0.003253 0.293639 0.000000
-0.562650 0.695346 0.010255 0.294402 0.000000
-0.482272 0.688638 0.011874 0.299484 0.000000
-0.401893 0.638641 0.040723 0.320633 0.000000
-0.321514 0.629662 0.031027 0.339310 0.000000
-0.241136 0.577156 0.090656 0.332191 0.000000
-0.160757 0.535473 0.107373 0.357155 0.000000
-0.080379 0.480565 0.148672 0.370759 0.000000
-0.040189 0.452334 0.138681 0.408987 0.000000
-0.020095 0.438691 0.148729 0.412581 0.000000
-0.010047 0.436403 0.148812 0.414778 0.000000
-0.005024 0.424530 0.158532 0.416938 0.000000
0.000000 0.363087 0.208240 0.428676 0.000000
0.005024 0.325881 0.235640 0.438473 0.000000
0.010047 0.202701 0.379614 0.417684 0.000000
0.020095 0.189658 0.406535 0.403810 0.000000
0.040189 0.169981 0.436080 0.393941 0.000000
0.080379 0.156061 0.473993 0.369950 0.000000
0.160757 0.131054 0.523968 0.344975 0.000000
0.241136 0.118490 0.515696 0.365811 0.000000
0.321514 0.069881 0.594681 0.335432 0.000000
0.401893 0.062731 0.634713 0.302554 0.000000
0.482272 0.035430 0.666493 0.298076 0.000000
0.562650 0.033203 0.684756 0.282040 0.000000
0.643029 0.040103 0.697271 0.262621 0.000000
0.723408 0.014250 0.727521 0.258227 0.000000
0.803786 -0.023515 0.774275 0.249242 0.000000

