C         -1.2129752600       -6.1834070213       -0.6608780442
C         -1.2059164308       -4.8187475029       -0.4686415683
C         -0.0048645017       -4.1111004702       -0.4776328361
C          1.1941536268       -4.7982884551       -0.6634907552
C          1.1912487958       -6.1640455303       -0.8397189523
C         -0.0126902599       -6.8750108513       -0.8532534846
C         -0.0028693851       -2.6577671112       -0.2822404847
N          1.1750950846       -2.0359262207       -0.2724827117
C          1.1286677226       -0.7161164012       -0.0851226232
N          0.0084714026       -0.0252738307        0.0785049848
C         -1.1304624227       -0.7257590917        0.0499503832
N         -1.1718953186       -2.0520117866       -0.1262327365
C         -2.3787144881       -0.0156605060        0.2208172164
C         -3.6013971435       -0.6929654856        0.1847412055
C         -4.7861457075       -0.0233567035        0.3633052207
C         -4.8038126386        1.3611694192        0.6007435701
C         -3.5774250967        2.0460539553        0.5794874384
C         -2.3959416704        1.3709137315        0.4005163035
C          2.3975947002        0.0147602150       -0.0581659882
C          2.4053821889        1.3993766110        0.0998178284
C          3.6011068637        2.0892134667        0.1255476034
C          4.8009287142        1.4001076246       -0.0062390583
C          4.8003330770        0.0166963562       -0.1614122476
C          3.6045785139       -0.6711701893       -0.1882003639
C          0.0235714962       -8.3206127159       -1.0201189731
S          1.2375862935       -9.2415577327       -0.4040034012
S         -1.2653562719       -9.1164705925       -1.8882665082
N          6.0279348853        2.1258908302        0.0262993597
C          6.5865328145        2.3726756432        1.2778808622
C          7.7252039813        3.1611913164        1.4604415097
S          8.5448202936        3.9761190096        0.1154445937
C          7.8295367151        3.1478108592       -1.2806531465
C          6.6688753664        2.3752200757       -1.1844518730
C          8.4542829322        3.3517356508       -2.4995841094
C          7.9278907921        2.8180126462       -3.6627679069
C          6.7606151833        2.0814715224       -3.5913004915
C          6.1442475835        1.8615737929       -2.3725214692
C          6.0050915943        1.8152445160        2.4189820216
C          6.5262825311        2.0400583740        3.6804403436
C          7.6577430982        2.8174402393        3.8415161870
C          8.2552038341        3.3706351223        2.7226075501
N         -5.9878398613        2.0337916265        0.7822181325
C         -6.0617349784        3.4378651517        0.9222843550
C         -6.8755831536        4.1687811008        0.0595623084
S         -7.8281649279        3.3096307381       -1.1684959950
C         -8.2084890795        1.8875845521       -0.1747498188
C         -7.2501587079        1.4027655756        0.7125961468
C         -5.3914314649        4.1038332552        1.9430165012
C         -5.4754959742        5.4804123307        2.0476182033
C         -6.2470773552        6.2043335022        1.1518070615
C         -6.9625693778        5.5479746426        0.1672603920
C         -9.4534499988        1.2856355625       -0.2701138753
C         -9.7537425859        0.2024484161        0.5352484883
C         -8.8249254617       -0.2547879789        1.4572802815
C         -7.5840198166        0.3480463670        1.5557121455
H         -2.1480580418       -6.7213755174       -0.6143190828
H         -2.1252086073       -4.2797638433       -0.3064624939
H          2.1187154211       -4.2443016298       -0.6648507045
H          2.1162919221       -6.7014197515       -0.9833682844
H         -3.5997740088       -1.7566074176        0.0079233175
H         -5.7130531529       -0.5698845078        0.2979670635
H         -3.5580325986        3.1189083933        0.6833678562
H         -1.4600083769        1.9063532069        0.3916563783
H          1.4651825351        1.9172291537        0.1985869396
H          3.6163107970        3.1611825735        0.2489457808
H          5.7391352973       -0.5073953612       -0.2593757609
H          3.5858584662       -1.7425856658       -0.3055870496
H         -1.8838872465       -8.0227324188       -2.3402816877
H          9.3525525310        3.9500048243       -2.5230627052
H          8.4197603025        2.9884727589       -4.6068752313
H          6.3190986411        1.6696399289       -4.4855728791
H          5.2320117326        1.2876312303       -2.3434641720
H          5.1267091769        1.1981337403        2.3160565042
H          6.0413511582        1.5973194693        4.5366362711
H          8.0736072419        2.9956889142        4.8201039413
H          9.1376411959        3.9856604124        2.8140852868
H         -4.8037207388        3.5339839536        2.6461707396
H         -4.9399093309        5.9880943950        2.8342551417
H         -6.3068948259        7.2782352117        1.2299563567
H         -7.5879763435        6.0918188309       -0.5231552117
H        -10.1721806722        1.6712847637       -0.9759708935
H        -10.7188434780       -0.2719485137        0.4548647703
H         -9.0681527338       -1.0811636140        2.1063618418
H         -6.8624036392        0.0057409832        2.2814108646
