C         -1.2172225682       -6.2050721734        0.6137791258
C         -1.2138276720       -4.8339532564        0.4891976926
C         -0.0133977308       -4.1461827144        0.3122000222
C          1.1847746175       -4.8588405656        0.2619236192
C          1.1824848925       -6.2290965151        0.3858852981
C         -0.0187365334       -6.9275581125        0.5644236634
C         -0.0103760932       -2.6856303930        0.1830567925
N          1.1623042603       -2.0754985301        0.0801811634
C          1.1266063597       -0.7415618828       -0.0245158468
N         -0.0091579126       -0.0356734348       -0.0161175059
C         -1.1339321720       -0.7327094470        0.0775856484
N         -1.1874981381       -2.0621315528        0.1749466336
C         -2.3991517654        0.0028831010        0.0675749161
C         -3.6056769801       -0.6761817214       -0.0929728525
C         -4.7965896395        0.0207632273       -0.1192458676
C         -4.7959003584        1.4045562059        0.0237307860
C         -3.5942382173        2.0858682948        0.2015746336
C         -2.4035456078        1.3892370545        0.2160011978
C          2.3780572732       -0.0296424811       -0.1618544436
C          3.5979842290       -0.7126756205       -0.1505576734
C          4.7848709561       -0.0422462645       -0.3110525458
C          4.8072382527        1.3489154055       -0.5054924665
C          3.5841402939        2.0381012836       -0.4542111409
C          2.4004271169        1.3622286524       -0.2933656058
C         -0.0016928240       -8.3716429973        0.6947959754
S          1.3735374245       -9.2746299231        0.6397120569
S         -1.5519326781       -9.1522254629        0.9219759968
N          5.9931323812        2.0211788107       -0.6753892943
C          7.2524805468        1.3815109828       -0.6433619553
C          8.2260624344        1.8337760889        0.2445814504
S          7.8671296462        3.2255837284        1.2875562588
C          6.9032754359        4.1279067997        0.0996532124
C          6.0736952032        3.4284505018       -0.7740498634
C          6.9976290659        5.5092028901        0.0327272918
C          6.2738152148        6.1994211173       -0.9221286662
C          5.4866537349        5.5076182852       -1.8296880432
C          5.3951830447        4.1290258856       -1.7658108743
C          7.5687702508        0.3521646491       -1.5238252267
C          8.8079701828       -0.2589974441       -1.4626360576
C          9.7524992246        0.1650235723       -0.5406879900
C          9.4693220807        1.2236536368        0.3026313590
N         -6.0350330880        2.1033796082       -0.0021629238
C         -6.3201706552        2.9154430651       -1.0987629023
C         -7.5588455852        3.5410232441       -1.2692200437
S         -8.9359581072        3.2479330907       -0.1904930750
C         -8.1249855516        2.5288679647        1.2116465664
C         -6.8170601671        2.0429367115        1.1506525585
C         -5.3663452832        3.1140215355       -2.0995926909
C         -5.6141566515        3.9339780921       -3.1857838110
C         -6.8255481896        4.5878814551       -3.3087393707
C         -7.7977705747        4.3770977321       -2.3473397682
C         -8.8641147930        2.4512777242        2.3805870171
C         -8.3281000854        1.8761858060        3.5189478159
C         -7.0311658086        1.3990098474        3.4802711355
C         -6.2855505571        1.4918682946        2.3191215756
H         -2.1533424983       -6.7253486918        0.7510706553
H         -2.1337195015       -4.2733838368        0.5291431120
H          2.1070825097       -4.3179594258        0.1244754144
H          2.1090895183       -6.7812604817        0.3473160947
H         -3.5899913482       -1.7480383757       -0.2070350967
H         -5.7344603284       -0.4977688781       -0.2472125362
H         -3.6042004321        3.1578791819        0.3293041620
H         -1.4645849046        1.9015585545        0.3511951407
H          3.5926770522       -1.7816181615       -0.0081948516
H          5.7096761717       -0.5945146492       -0.2662033916
H          3.5691061289        3.1138661842       -0.5221291039
H          1.4662946160        1.9002094167       -0.2654955850
H         -1.0740753054      -10.3933613175        0.9875051281
H          7.6354694331        6.0278489161        0.7310577047
H          6.3394315307        7.2748089883       -0.9684517113
H          4.9446880074        6.0420044444       -2.5939246277
H          4.7957002682        3.5841670594       -2.4787457420
H          6.8348845054        0.0356634607       -2.2489619636
H          9.0374334924       -1.0658752699       -2.1406496447
H         10.7162970404       -0.3160428238       -0.4896027869
H         10.2002036518        1.5836227329        1.0095815577
H         -4.4170420527        2.6076376416       -2.0362786237
H         -4.8487014261        4.0568803766       -3.9362116376
H         -7.0236760964        5.2379870372       -4.1456250733
H         -8.7671045734        4.8450603727       -2.4293291314
H         -9.8716375525        2.8387825032        2.3782793031
H         -8.9172571379        1.8087126563        4.4193181996
H         -6.5862696017        0.9549701579        4.3572186507
H         -5.2707173208        1.1270495180        2.3164607530
