C          1.1755679800       -6.2274405532        0.4939928868
C          1.1797568473       -4.8540638191        0.3983820934
C         -0.0210168915       -4.1444507169        0.3988476507
C         -1.2275509579       -4.8376934764        0.4972379815
C         -1.2329330077       -6.2102356821        0.5931801998
C         -0.0313196339       -6.9305026812        0.5932146685
C         -0.0148028281       -2.6818158731        0.2965404813
N          1.1674112932       -2.0695039872        0.2549159523
C          1.1248253507       -0.7396672949        0.1590448862
N          0.0046604001       -0.0307025507        0.1136558881
C         -1.1382173643       -0.7235668730        0.1633317055
N         -1.1840330504       -2.0583665234        0.2517928624
C         -2.3871599494        0.0045701267        0.1216103024
C         -3.6112788875       -0.6707713014        0.1011378011
C         -4.7984562144        0.0177737826        0.0770095191
C         -4.8180856200        1.4223505896        0.0897040900
C         -3.5857099105        2.0960784462        0.0556435679
C         -2.4018354111        1.4020076336        0.0757518347
C          2.3983119397       -0.0195220461        0.0995349782
C          3.6000356090       -0.7040712683        0.2713579263
C          4.8008234601       -0.0252970676        0.2137226739
C          4.8117710310        1.3451705911       -0.0194680709
C          3.6147581594        2.0340280186       -0.1960670224
C          2.4152772671        1.3551409729       -0.1340641833
C         -0.0562090131       -8.3768114701        0.6947420756
S         -1.4410933046       -9.2563855985        0.8291308205
S          1.4953807281       -9.1867965993        0.6682728777
N          6.0598763743        2.0300985580       -0.0841539266
C          6.7390933664        1.9952438764       -1.2998481274
C          8.0230612727        2.5183447675       -1.4707635727
S          8.9407448401        3.2464857477       -0.1398661286
C          7.6744417287        3.4534318850        1.0850071268
C          6.4353983334        2.8114601535        1.0058320192
C          8.0007320270        4.2479938392        2.1713944658
C          7.1178625333        4.4036518558        3.2254133296
C          5.9047816414        3.7427702275        3.1831073676
C          5.5692842294        2.9626733669        2.0910905777
C          6.1271925301        1.4254420165       -2.4188443184
C          6.7694928268        1.3625891916       -3.6422804129
C          8.0404075796        1.8848331523       -3.7926957704
C          8.6577261186        2.4690430059       -2.7008022101
N         -6.0038512567        2.1156961937        0.0698581081
C         -6.0682513038        3.5251547066       -0.0073617439
C         -6.7968334323        4.1212142698       -1.0342009939
S         -7.6552771399        3.0899961219       -2.1977489077
C         -8.1382563985        1.8331322300       -1.0398303547
C         -7.2653950445        1.4844457489       -0.0113942779
C         -5.4744251224        4.3337776471        0.9560676515
C         -5.5472895158        5.7107426416        0.8488640173
C         -6.2320533392        6.2950744875       -0.2054914146
C         -6.8726131628        5.5013185289       -1.1391496556
C         -9.3797488377        1.2267607089       -1.1506367979
C         -9.7634836064        0.2774781834       -0.2213026338
C         -8.9230748223       -0.0379981994        0.8350976486
C         -7.6857318696        0.5696842859        0.9483907389
H          2.1122244279       -6.7645761207        0.4926732455
H          2.1063769409       -4.3089372154        0.3204255264
H         -2.1501463925       -4.2800872770        0.4973723148
H         -2.1659620234       -6.7474962623        0.6691334421
H         -3.6085810018       -1.7491607028        0.0965382893
H         -5.7235569541       -0.5334096966        0.0264787951
H         -3.5623506708        3.1719608272       -0.0088197054
H         -1.4616957488        1.9296978005        0.0548934446
H          3.5737060128       -1.7660747463        0.4538322687
H          5.7357211571       -0.5481517672        0.3449793867
H          3.6361888716        3.0972798730       -0.3820121877
H          1.4789425759        1.8714810284       -0.2713062146
H          1.0094971692      -10.4214884012        0.7800862643
H          8.9666910851        4.7297989148        2.1837182458
H          7.3850593650        5.0206730203        4.0681445293
H          5.2070052664        3.8290638912        4.0015601314
H          4.6199125034        2.4519260986        2.0857434312
H          5.1315188690        1.0214069172       -2.3275902628
H          6.2643230088        0.9051822039       -4.4788240434
H          8.5487749816        1.8425037342       -4.7424954845
H          9.6497092619        2.8865795074       -2.7843823175
H         -4.9540795001        3.8728917732        1.7815424935
H         -5.0712425877        6.3284931870        1.5939248518
H         -6.2830201920        7.3687809042       -0.2919419361
H         -7.4305978043        5.9377685280       -1.9525788587
H        -10.0304186838        1.5038855964       -1.9651281086
H        -10.7254231082       -0.2013918720       -0.3124279896
H         -9.2329356727       -0.7567362423        1.5772642311
H         -7.0339464954        0.3388725673        1.7769047628
