C         -1.2503523319       -6.2019059472       -0.0872718054
C         -1.2336142918       -4.8255071022       -0.1057105860
C         -0.0218699020       -4.1359263109       -0.1374505796
C          1.1743892709       -4.8528943523       -0.1515514042
C          1.1594586638       -6.2285441783       -0.1330049088
C         -0.0534902198       -6.9288319986       -0.0998830197
C         -0.0060072419       -2.6682249440       -0.1521080894
N          1.1766837080       -2.0644349074       -0.1282745339
C          1.1478845216       -0.7254750264       -0.1464982517
N          0.0223128687       -0.0117196434       -0.1553127330
C         -1.1177363178       -0.7015903254       -0.1730724994
N         -1.1754853268       -2.0395592727       -0.1886379015
C         -2.3672951162        0.0348506407       -0.1761585994
C         -2.3853459160        1.4143690289        0.0418492263
C         -3.5664153684        2.1159095764        0.0407347215
C         -4.7875286386        1.4697973104       -0.2073727102
C         -4.7688151113        0.0768407919       -0.3825367487
C         -3.5860260781       -0.6208795424       -0.3654899798
C          2.4131611603       -0.0170906194       -0.1650140303
C          3.6225610519       -0.7055121965       -0.0442819052
C          4.8233481387       -0.0401972765       -0.0893524567
C          4.8701569189        1.3497123103       -0.2804488530
C          3.6513736292        2.0441212345       -0.3429238185
C          2.4539079824        1.3738474833       -0.2893371061
C         -0.0501806957       -8.3780462060       -0.0785471482
S          1.3220022392       -9.2869008226       -0.1094501881
S         -1.6147739706       -9.1606743840       -0.0156803971
N          6.0701097389        2.0203282432       -0.3380109879
C          6.1593467867        3.4245175445       -0.4614895276
C          6.8967484450        4.1486396810        0.4725093646
S          7.7281007547        3.2789168691        1.7791325389
C          8.1926662255        1.8601479255        0.8173921446
C          7.3187979045        1.3849555984       -0.1582985922
C          9.4214119698        1.2533218840        1.0245012319
C          9.7923020959        0.1740402001        0.2436717235
C          8.9530408617       -0.2718686466       -0.7654646474
C          7.7288568557        0.3367251157       -0.9756683240
C          5.5836608648        4.0978143296       -1.5340662406
C          5.6845036683        5.4740244642       -1.6264018645
C          6.3800562281        6.1907495104       -0.6649136008
C          7.0017572605        5.5274246469        0.3770199718
N         -5.9756361449        2.1641991898       -0.2132012460
C         -6.0729818128        3.5334687241        0.1204661735
C         -6.9347511147        3.9274192671        1.1422457105
S         -7.9234777260        2.7024369190        1.9644853705
C         -8.2327645496        1.6943485365        0.5354132997
C         -7.2249673807        1.5363712901       -0.4129400451
C         -5.3794415701        4.5093755534       -0.5876193036
C         -5.4845166561        5.8399649544       -0.2241889759
C         -6.3018216832        6.2150937335        0.8305953041
C         -7.0436494942        5.2612196593        1.5028159543
C         -9.4683415696        1.0902480493        0.3629400378
C         -9.7082592106        0.3336496590       -0.7693773310
C         -8.7268193972        0.2079856004       -1.7405215215
C         -7.4956563519        0.8145008765       -1.5708581034
H         -2.1958106604       -6.7230182963       -0.0626114368
H         -2.1518338908       -4.2607497095       -0.0937074638
H          2.1055754083       -4.3101635432       -0.1771203444
H          2.0852111164       -6.7835675420       -0.1427766623
H         -1.4513846369        1.9214885221        0.2264557589
H         -3.5479896768        3.1720384430        0.2557666432
H         -5.6941543905       -0.4622290321       -0.5083839230
H         -3.5839746563       -1.6908516654       -0.5009078120
H          3.5991184731       -1.7749280854        0.0939597667
H          5.7363216199       -0.5978022158        0.0441160597
H          3.6476999187        3.1200148663       -0.4133274305
H          1.5230422753        1.9157726432       -0.3450054957
H         -1.1460335170      -10.4071430127       -0.0126370489
H         10.0719623697        1.6317974654        1.7972457180
H         10.7435361388       -0.3055122665        0.4113671366
H          9.2534377447       -1.0941308728       -1.3956584817
H          7.0793146275        0.0038020931       -1.7705402604
H          5.0548136199        3.5328841739       -2.2862994287
H          5.2222480725        5.9868471220       -2.4551062385
H          6.4536687410        7.2643451298       -0.7347436133
H          7.5669582181        6.0652545276        1.1218514866
H         -4.7586241679        4.2149812126       -1.4196796898
H         -4.9292559203        6.5860333469       -0.7705240181
H         -6.3775733977        7.2516414235        1.1182843624
H         -7.7064102921        5.5361579355        2.3082826952
H        -10.2266939978        1.2167136923        1.1195436180
H        -10.6662581247       -0.1439637706       -0.9000025892
H         -8.9210230748       -0.3606816977       -2.6362597081
H         -6.7305341091        0.7293558910       -2.3272280348
