C         -1.2336675335       -6.2791762412       -0.0347535830
C         -1.2235724462       -4.9026044075       -0.0367038868
C         -0.0158218001       -4.2066404240        0.0067980889
C          1.1832996130       -4.9174566582        0.0527987311
C          1.1749725625       -6.2933267710        0.0554699075
C         -0.0339331202       -6.9999787930        0.0115254358
C         -0.0075223500       -2.7387415889        0.0039244039
N          1.1724375672       -2.1291601181       -0.0237662281
C          1.1358436140       -0.7903116809       -0.0160437891
N          0.0064737160       -0.0832983772       -0.0042079319
C         -1.1303762152       -0.7782608686        0.0133300640
N         -1.1809074727       -2.1165753142        0.0292018968
C         -2.3815501772       -0.0451021027        0.0122195250
C         -3.6028048020       -0.7033295812        0.1735210258
C         -4.7883965026       -0.0094539431        0.1563923075
C         -4.8075446866        1.3791691387       -0.0478968248
C         -3.5750683233        2.0429018240       -0.1573846755
C         -2.3930821917        1.3447989938       -0.1292822116
C          2.3945609641       -0.0699053094       -0.0171947833
C          2.4193133753        1.3213796332        0.1079246229
C          3.6080426972        2.0079672507        0.1350050291
C          4.8344121105        1.3306400009        0.0417749300
C          4.8024769092       -0.0599863633       -0.1465931009
C          3.6100256531       -0.7420988590       -0.1635019492
C         -0.0237622386       -8.4493158845        0.0150522758
S          1.3507496049       -9.3510144849        0.1020840717
S         -1.5824702747       -9.2403099699       -0.0804560125
N          6.0243974079        2.0209207797        0.0674665056
C          6.0903525355        3.4259899704        0.1964861353
C          6.7794712310        4.1706492610       -0.7578394044
S          7.5813445126        3.3255978813       -2.0984521735
C          8.1065528630        1.9096454093       -1.1641545811
C          7.2776939421        1.4109758398       -0.1611371091
C          9.3384106939        1.3282832633       -1.4198788722
C          9.7579531718        0.2511871289       -0.6609635700
C          8.9645211858       -0.2175679922        0.3744988126
C          7.7372375336        0.3656890140        0.6332571378
C          5.5374237698        4.0808935550        1.2921956560
C          5.6122824078        5.4583755206        1.3896708054
C          6.2592527264        6.1949646125        0.4094003664
C          6.8585614263        5.5508531303       -0.6574115283
N         -5.9905282496        2.0813151658       -0.0736343897
C         -6.0427827765        3.4851390992       -0.2205211784
C         -6.7156782678        4.2496798273        0.7296686097
S         -7.5140568975        3.4312261957        2.0886322624
C         -8.0623393445        2.0082978233        1.1781920961
C         -7.2480951179        1.4877571422        0.1743356885
C         -5.4923366252        4.1195538735       -1.3294546486
C         -5.5537583083        5.4963071016       -1.4448292783
C         -6.1846896685        6.2526543391       -0.4691518007
C         -6.7812874122        5.6291732346        0.6113490405
C         -9.2976554624        1.4432013664        1.4530061276
C         -9.7353572317        0.3606019583        0.7123944180
C         -8.9565919441       -0.1299532411       -0.3240957508
C         -7.7258441414        0.4370262835       -0.6019213743
H         -2.1760771653       -6.8053024598       -0.0680029054
H         -2.1439758981       -4.3424862805       -0.0729525972
H          2.1113594271       -4.3698385487        0.0871461228
H          2.1029256443       -6.8436366537        0.0907065642
H         -3.6005760544       -1.7714316710        0.3232946809
H         -5.7100133223       -0.5432487903        0.3230914808
H         -3.5477096854        3.1173732199       -0.2430604411
H         -1.4517842282        1.8637077270       -0.2182945788
H          1.4827627475        1.8506567970        0.1849226426
H          3.5909990685        3.0836034956        0.2074204290
H          5.7197006449       -0.6050669921       -0.3009088713
H          3.5981883142       -1.8118967093       -0.3008089318
H         -1.1088485774      -10.4844855594       -0.0477417942
H          9.9532064638        1.7246669578       -2.2126630489
H         10.7115853290       -0.2085294896       -0.8663374123
H          9.3033951406       -1.0378192215        0.9875630158
H          7.1240161803        0.0155205229        1.4492698562
H          5.0452721079        3.5006051222        2.0575797660
H          5.1674133244        5.9566646286        2.2365715977
H          6.3121337493        7.2695136422        0.4832595695
H          7.3857901168        6.1048407697       -1.4180715758
H         -5.0125225921        3.5240120548       -2.0909491450
H         -5.1109726513        5.9786108983       -2.3020259996
H         -6.2271389973        7.3266225683       -0.5570509925
H         -7.2959778822        6.1988697752        1.3690114216
H         -9.9008635310        1.8564937103        2.2460526728
H        -10.6917200959       -0.0863129819        0.9327498534
H         -9.3097356785       -0.9545107816       -0.9231182937
H         -7.1240658699        0.0700610589       -1.4190366602
