C         -1.2726109145       -6.2018705578       -0.5208755965
C         -1.2559564546       -4.8275372977       -0.4409306385
C         -0.0438190964       -4.1408098834       -0.3735690863
C          1.1526457979       -4.8579667301       -0.3873779897
C          1.1371971051       -6.2314486986       -0.4667947747
C         -0.0759039018       -6.9288186681       -0.5354047130
C         -0.0270000096       -2.6769083680       -0.2917541553
N          1.1521056870       -2.0706282680       -0.2823536796
C          1.1279971883       -0.7339385871       -0.2159957141
N         -0.0034209162       -0.0222343683       -0.1766401999
C         -1.1345345269       -0.7150107672       -0.1806013331
N         -1.1990481330       -2.0465948803       -0.2314743112
C         -2.3941933499        0.0280729845       -0.1223638072
C         -2.3998450320        1.4116352544       -0.2916420051
C         -3.5867911774        2.1133288389       -0.2349894407
C         -4.7815237460        1.4404165032       -0.0007954295
C         -4.7803061080        0.0593686053        0.1779731253
C         -3.5941125258       -0.6422599446        0.1111686412
C          2.3876978498       -0.0242048685       -0.1817698022
C          3.6028650516       -0.7139637939       -0.2295960242
C          4.7991372965       -0.0414473166       -0.2009318112
C          4.8368199747        1.3612280226       -0.1344037601
C          3.6145700914        2.0466141823       -0.0345448004
C          2.4216038732        1.3687305945       -0.0643184572
C         -0.0727842115       -8.3763851665       -0.6203441663
S          1.2996070513       -9.2854157530       -0.6220990569
S         -1.6372717055       -9.1543976942       -0.7260872091
N          6.0320646314        2.0378480141       -0.1010889239
C          7.2856534040        1.3860474283       -0.0836995917
C          8.1823097637        1.6562393497        0.9477866825
S          7.7396280575        2.8429115411        2.1925226367
C          6.8728955476        3.9573820118        1.1151003651
C          6.1170712577        3.4383944432        0.0663104819
C          6.9684062053        5.3266559929        1.3085085653
C          6.3198311504        6.1873489621        0.4421257077
C          5.6071649682        5.6814187002       -0.6340162142
C          5.5149227277        4.3153709327       -0.8297846424
C          7.6740575945        0.5280506318       -1.1072186834
C          8.9037767570       -0.1030504312       -1.0565332677
C          9.7681420347        0.1327816183        0.0013454369
C          9.4161342444        1.0264001529        0.9961109592
N         -5.9922587136        2.1853716998        0.0690208778
C         -6.2383881845        2.8765944707        1.2545298025
C         -7.2937576553        3.7788004859        1.4058448556
S         -8.4108896060        4.1617271713        0.0842121098
C         -8.0730854188        2.8358953374       -1.0446453681
C         -6.9154432566        2.0559407935       -0.9669916901
C         -5.4165451864        2.6633003845        2.3638349290
C         -5.6175651110        3.3379924921        3.5543515888
C         -6.6628014081        4.2335460515        3.6831511971
C         -7.5043050263        4.4401020748        2.6045958465
C         -8.9921723035        2.6551763114       -2.0648684149
C         -8.7709415171        1.7187581143       -3.0589920995
C         -7.6060876474        0.9755331232       -3.0275146698
C         -6.6961118552        1.1405500538       -1.9987993611
H         -2.2177728415       -6.7213516505       -0.5724598936
H         -2.1746224097       -4.2636776216       -0.4317749941
H          2.0841353282       -4.3179436965       -0.3345905184
H          2.0625079671       -6.7870115930       -0.4779381058
H         -1.4655547833        1.9177894526       -0.4734061793
H         -3.5994441620        3.1846012651       -0.3654918623
H         -5.7105558643       -0.4528098420        0.3726786345
H         -3.5760340789       -1.7112054318        0.2501460442
H          3.5862190612       -1.7908280166       -0.2845669498
H          5.7179709481       -0.6052514241       -0.2069420122
H          3.6066302342        3.1172903920        0.0909788694
H          1.4891633391        1.9049180193        0.0125257379
H         -1.1695845886      -10.3998560845       -0.7820830596
H          7.5475606737        5.7022524931        2.1373792847
H          6.3859669800        7.2523876037        0.5978124825
H          5.1241201659        6.3522030658       -1.3268777064
H          4.9727884366        3.9157570120       -1.6729647602
H          7.0031506053        0.3590958681       -1.9354042878
H          9.1888208240       -0.7776675544       -1.8483893953
H         10.7239994076       -0.3647077056        0.0436089550
H         10.0855942519        1.2416623904        1.8140694598
H         -4.6035732801        1.9584974372        2.2909856774
H         -4.9520662497        3.1524049904        4.3831158609
H         -6.8281806964        4.7636841466        4.6072477993
H         -8.3324225326        5.1291571800        2.6729845769
H         -9.8757427588        3.2752660870       -2.0760997941
H         -9.4912961055        1.5892504514       -3.8505710827
H         -7.3950188580        0.2581675404       -3.8053502730
H         -5.7909554132        0.5554106482       -2.0054272176
