C          3.2702703262        0.3134102383        0.3063602942
C          3.8000750677        1.2229038892        1.2248314195
C          5.1621406536        1.3579416965        1.3611103162
C          6.0412648968        0.5901295909        0.5862344563
C          5.4991705260       -0.3200136220       -0.3317032877
C          4.1384364107       -0.4573416939       -0.4709131215
C          7.4737066934        0.7186435697        0.7171396109
S          8.5564510326       -0.2427483158       -0.0711463756
S          8.0492710030        1.9862271315        1.7856148817
N          1.8912087424        0.1781671812        0.1669464853
C          0.9818160338        1.2172312882        0.0609286700
C         -0.3212796430        0.6858336178       -0.0661858844
C         -0.1865457405       -0.7439219288       -0.0241902791
C          1.1943178449       -1.0154025418        0.1148715331
C         -1.4131818281        1.5257951092       -0.2214488635
C         -1.1946091963        2.8959631986       -0.2426337824
C          0.1023356458        3.4131933220       -0.1378448361
C          1.1991238272        2.5867422968        0.0003892772
C          1.6559258809       -2.3180172438        0.2474304888
C          0.7301992843       -3.3412584353        0.1966659900
C         -0.6324888490       -3.0800237942        0.0292557987
C         -1.1048656029       -1.7822631881       -0.0726275781
N         -2.2809335396        3.7754211958       -0.3765089798
C         -2.3857563387        4.8016881939       -1.2927590044
C         -3.6212722220        5.4660931651       -1.1119287822
C         -4.2868431264        4.8006261443       -0.0275563617
C         -3.4257825186        3.7608275207        0.3938191803
N         -1.5411005092       -4.1642137723       -0.0195924037
C         -2.1672996333       -4.7353438884        1.0622814304
C         -2.9850259963       -5.8030021778        0.6215261910
C         -2.8317264456       -5.8669900003       -0.8047052417
C         -1.9290121121       -4.8347880504       -1.1547094045
C         -3.9629894357        6.5334967373       -1.9322904469
C         -3.0796600554        6.9171233185       -2.9215102860
C         -1.8750965993        6.2414190173       -3.1075609392
C         -1.5127278420        5.1772740496       -2.3044258824
C         -3.7617359323        2.9421101725        1.4630720473
C         -4.9771066856        3.1575178282        2.0837310917
C         -5.8412159886        4.1663642176        1.6621403336
C         -5.5036397973        4.9974556811        0.6126955167
C         -3.7203417153       -6.5328616551        1.5471252367
C         -3.6302435293       -6.1909350313        2.8819218147
C         -2.8210875763       -5.1363710528        3.3031334669
C         -2.0797611188       -4.3945958589        2.4043472715
C         -1.5556994180       -4.6132417156       -2.4724475301
C         -2.0964361596       -5.4387055052       -3.4387699777
C         -2.9864225849       -6.4595701078       -3.1071077560
C         -3.3609199900       -6.6828121419       -1.7969050212
H          3.1359243998        1.7989724938        1.8492929531
H          5.5566306020        2.0525544063        2.0872460934
H          6.1686055347       -0.9053367105       -0.9432002579
H          3.7375733162       -1.1406592262       -1.2026930100
H          9.3446597735        1.7371061419        1.6132142704
H         -2.4081703360        1.1269962000       -0.3401862490
H          0.2380997826        4.4832799127       -0.1584347112
H          2.1916728059        3.0041661139        0.0534007555
H          2.7008910873       -2.5340417405        0.4014704164
H          1.0525031813       -4.3668389315        0.2924264071
H         -2.1612687063       -1.5916828134       -0.1800309813
H         -4.9033872618        7.0467259131       -1.7981659061
H         -3.3255255609        7.7459129952       -3.5686464272
H         -1.2118538577        6.5548639922       -3.9001788985
H         -0.5856268528        4.6497477841       -2.4685665602
H         -3.0931188122        2.1679982784        1.8074514260
H         -5.2633302606        2.5319237335        2.9162602414
H         -6.7837636668        4.3011491309        2.1716484479
H         -6.1669478812        5.7878938959        0.2949798135
H         -4.3484472395       -7.3501933490        1.2253308087
H         -4.1944764375       -6.7470353546        3.6159784029
H         -2.7741533084       -4.8961303867        4.3551079214
H         -1.4524241885       -3.5779153422        2.7293080410
H         -0.8668731299       -3.8219214011       -2.7281663296
H         -1.8254650164       -5.2917847663       -4.4739394880
H         -3.3872637996       -7.0838514824       -3.8919968153
H         -4.0505715888       -7.4745579140       -1.5446540670
