C          3.2838511137        0.3335425422        0.1881841101
C          3.8511758251        1.2261595631        1.1017758358
C          5.2168883230        1.3528655568        1.1895344468
C          6.0655802921        0.5951597747        0.3702542539
C          5.4869719287       -0.2952370055       -0.5441878815
C          4.1210415978       -0.4248613143       -0.6345294102
C          7.4970681934        0.7416266532        0.4801305731
S          8.2345735854        1.8554033292        1.4471319086
S          8.4709515110       -0.3524751504       -0.4875073742
N          1.9021298346        0.1996457542        0.0977322259
C          0.9855107036        1.2366478799        0.0548638566
C         -0.3194131121        0.7025019620       -0.0419746535
C         -0.1782765977       -0.7274769450       -0.0453999333
C          1.2062861168       -0.9961333173        0.0380724836
C         -1.4198244659        1.5405522979       -0.1301909383
C         -1.2088781053        2.9121038804       -0.1147861950
C          0.0886777336        3.4329428592       -0.0437964686
C          1.1936610769        2.6085756896        0.0268172439
C          1.6716750722       -2.3010002718        0.1252196995
C          0.7466388531       -3.3245833102        0.0899418749
C         -0.6243376736       -3.0681196515       -0.0338176204
C         -1.0965416042       -1.7648413831       -0.0967731627
N         -2.3043066543        3.7886314201       -0.1747509476
C         -2.4497387114        4.8486073179       -1.0457483616
C         -3.6779687847        5.5011454773       -0.7879808140
C         -4.2958415470        4.7925222281        0.2972139471
C         -3.4154059834        3.7408353536        0.6422063860
N         -1.5259798564       -4.1438797439       -0.0724780293
C         -2.6461015467       -4.2871732098        0.7205781491
C         -3.2952322514       -5.5018728981        0.3984612437
C         -2.5217098441       -6.1127343315       -0.6455933066
C         -1.4375745765       -5.2417783524       -0.9033421211
C         -4.0559966564        6.5978789811       -1.5517761498
C         -3.2158513634        7.0221908203       -2.5617537610
C         -2.0188933331        6.3583340510       -2.8240479565
C         -1.6209429853        5.2656118826       -2.0782154258
C         -3.7044401728        2.8808689054        1.6926747021
C         -4.8930779916        3.0678273806        2.3714945140
C         -5.7763028889        4.0887725084        2.0253941957
C         -5.4849304325        4.9604033682        0.9952023034
C         -4.4471465277       -5.8760208691        1.0784041406
C         -4.9300229964       -5.0451315682        2.0695276790
C         -4.2711632126       -3.8611803021        2.3955488306
C         -3.1241434671       -3.4675597657        1.7336915670
C         -0.5133041117       -5.5248153689       -1.8994681939
C         -0.6688102197       -6.6998389688       -2.6091859877
C         -1.7210870996       -7.5751091317       -2.3467505241
C         -2.6567094015       -7.2882985549       -1.3729267093
H          3.2138238222        1.7935899686        1.7612224508
H          5.6535323614        2.0309278670        1.9067215780
H          6.1198505690       -0.8754842916       -1.1985806707
H          3.6898825442       -1.0923675183       -1.3635277787
H          9.6489571246        0.1265862307       -0.0971132034
H         -2.4168272002        1.1401427376       -0.2247140321
H          0.2193055996        4.5039101770       -0.0357086500
H          2.1854042721        3.0306192328        0.0547362316
H          2.7205669272       -2.5197622577        0.2448276366
H          1.0772981439       -4.3479193456        0.1770524701
H         -2.1528097756       -1.5669364225       -0.1875238087
H         -4.9907966311        7.1024238627       -1.3585538017
H         -3.4901745833        7.8744087196       -3.1655663491
H         -1.3901096444        6.7042903774       -3.6310989119
H         -0.7004364984        4.7480926880       -2.3010137273
H         -3.0197174860        2.0973313771        1.9792027391
H         -5.1426978777        2.4101106382        3.1909237523
H         -6.6967494356        4.2007183534        2.5789157653
H         -6.1625328668        5.7600738146        0.7361647485
H         -4.9489036818       -6.8007949453        0.8359769315
H         -5.8256578430       -5.3165501577        2.6083502291
H         -4.6649304080       -3.2392002027        3.1857960084
H         -2.6120854535       -2.5574858935        2.0064180324
H          0.2954429847       -4.8456969114       -2.1215760040
H          0.0387875787       -6.9447871360       -3.3873960822
H         -1.8066809905       -8.4852205312       -2.9216409708
H         -3.4804075043       -7.9590855924       -1.1796925188
